   0.09433     0.012   0.01842    0.1248         0         0  0.002694    0.5142    0.2219    0.1267   0.03721   0.07855  0.007805  0.007821  0.009992  0.009992  0.009992
   0.07606   0.01188  0.008281   0.09622         0         0  0.001729    0.2085    0.2012    0.1363   0.03806   0.07549  0.007755   0.01139  0.009968  0.009968  0.009968
   0.07373   0.01168   0.00811   0.09352         0         0  0.001662    0.3554    0.2747    0.2034   0.06337   0.06851  0.007349  0.006288  0.009929  0.009929  0.009929
   0.07372   0.01173  0.007952    0.0934         0         0   0.00165    0.6318    0.1871    0.1676   0.05151   0.07369  0.009334  0.007935  0.009874  0.009874  0.009874
   0.07442   0.01163  0.007889   0.09394         0         0  0.001661    0.3421    0.2264    0.1887   0.06091    0.0721  0.007996  0.006386  0.009804  0.009804  0.009804
   0.08917   0.01214    0.0176    0.1189         0         0  0.002161    0.3361   0.04457 0.0008797 0.0001452     0.123   0.01006    0.2095  0.009719  0.009719  0.009719
   0.09033   0.01262   0.01679    0.1197         0         0  0.001965    0.5416    0.1405   0.08803   0.02218   0.08355   0.00818   0.01417  0.009619  0.009619  0.009619
   0.08662   0.01253   0.01619    0.1153         0         0  0.001896    0.3619   0.02243  0.008157  0.002104   0.09932  0.008271   0.01812  0.009505  0.009505  0.009505
   0.08441   0.01265   0.01447    0.1115         0         0  0.001855    0.5516    0.1798    0.1074    0.0294   0.07706  0.007906  0.009392  0.009377  0.009377  0.009377
   0.08191   0.01236   0.01253    0.1068         0         0  0.001765    0.5623    0.2045    0.1486   0.04784   0.07558  0.007844  0.006822  0.009236  0.009236  0.009236
   0.07989   0.01224   0.01168    0.1038         0         0  0.001712    0.5938    0.1983    0.1607   0.05571   0.07337  0.007739  0.008272  0.009082  0.009082  0.009082
   0.07894    0.0122   0.01116    0.1023         0         0  0.001699    0.6028    0.1982    0.1597   0.05706   0.07303  0.007831  0.009948  0.008916  0.008916  0.008916
   0.07834   0.01227   0.01139     0.102         0         0   0.00166    0.6524    0.2086    0.1871     0.067   0.07321  0.007885  0.006554  0.008738  0.008738  0.008738
   0.07756    0.0123   0.01059    0.1005         0         0  0.001669    0.6222    0.1985    0.1633   0.05583   0.07113  0.008008  0.006284   0.00855   0.00855   0.00855
   0.07699   0.01231  0.009848   0.09914         0         0  0.001666    0.6488    0.2003    0.1713    0.0608   0.07125  0.007625  0.006776  0.008351  0.008351  0.008351
   0.07696   0.01215  0.009435   0.09854         0         0  0.001661    0.6624    0.2017    0.1808   0.06392   0.07097  0.007651  0.009063  0.008143  0.008143  0.008143
   0.07597   0.01209  0.009061   0.09712         0         0  0.001624    0.6705    0.2043    0.1911   0.07467   0.07085  0.007542  0.007745  0.007927  0.007927  0.007927
   0.07486    0.0122  0.009152   0.09621         0         0  0.001626    0.6629     0.133    0.1241   0.05074    0.0862  0.008078   0.01039  0.007703  0.007703  0.007703
   0.07498   0.01219  0.009338    0.0965         0         0   0.00165    0.3292    0.2256    0.2076   0.08075   0.06876  0.007678  0.005952  0.007472  0.007472  0.007472
   0.07465   0.01195   0.00907   0.09567         0         0  0.001608    0.6791    0.2114     0.204   0.08521    0.0684  0.007518  0.007721  0.007236  0.007236  0.007236
    0.0741   0.01218  0.008566   0.09484         0         0  0.001575    0.6871    0.2222    0.2104   0.08411   0.06778  0.007397  0.004776  0.006995  0.006995  0.006995
   0.07327     0.012  0.008387   0.09366         0         0  0.001577    0.6978    0.2353    0.2227   0.08729   0.06647  0.007399  0.004287   0.00675   0.00675   0.00675
   0.07311     0.012  0.007834   0.09295         0         0  0.001601    0.6777    0.2457    0.2316   0.09398    0.0666  0.007298  0.004251  0.006501  0.006501  0.006501
   0.07196   0.01194  0.007635   0.09154         0         0  0.001552    0.6938    0.2413    0.2329   0.09407   0.06537  0.007365  0.004242  0.006251  0.006251  0.006251
   0.07187   0.01208  0.007774   0.09173         0         0   0.00156    0.6821    0.2532     0.239   0.09956   0.06513   0.00744  0.003659     0.006     0.006     0.006
   0.07142   0.01185  0.007465   0.09073         0         0  0.001548    0.7057    0.2478    0.2425    0.1014   0.06489  0.007284  0.004343  0.005749  0.005749  0.005749
   0.07148   0.01197  0.007554   0.09101         0         0  0.001544    0.7041    0.2478    0.2427    0.1017   0.06423  0.007246  0.003767  0.005499  0.005499  0.005499
   0.07082    0.0117  0.006983    0.0895         0         0  0.001551    0.7034     0.254    0.2571    0.1072   0.06374  0.007274  0.003282   0.00525   0.00525   0.00525
   0.07035   0.01187  0.007296   0.08952         0         0  0.001541    0.6695    0.2465    0.2288   0.09782   0.06575  0.007334  0.005694  0.005005  0.005005  0.005005
   0.06976   0.01191  0.006545   0.08822         0         0  0.001527    0.4394     0.247    0.2616    0.1123   0.06294   0.00717  0.003703  0.004764  0.004764  0.004764
   0.06975   0.01173  0.006624    0.0881         0         0  0.001509    0.4504    0.2621    0.2578    0.1086   0.06228  0.007186  0.003214  0.004528  0.004528  0.004528
   0.07001   0.01191  0.007168   0.08909         0         0  0.001511    0.4302    0.2826    0.2742    0.1195   0.06198   0.00714  0.003078  0.004297  0.004297  0.004297
   0.06924   0.01172  0.006682   0.08764         0         0  0.001513    0.4361      0.27    0.2736    0.1202    0.0615  0.007124  0.002898  0.004073  0.004073  0.004073
   0.06839   0.01171    0.0064    0.0865         0         0  0.001501    0.5315    0.2877    0.2829    0.1241   0.06134  0.007121  0.002929  0.003857  0.003857  0.003857
