     0/399     1.87G    0.1088   0.01084   0.02747    0.1472        17       256 0.0004927    0.1352 0.0004091 7.547e-05      0.11  0.007908   0.02473
     1/399     10.3G     0.101   0.01137   0.02124    0.1337        33       256   0.03699    0.1248   0.01331  0.002491   0.09943  0.008635   0.01564
     2/399     11.4G   0.09285   0.01156   0.01688    0.1213        49       256     0.375   0.04816    0.0139  0.002516   0.09506   0.01134   0.01386
     3/399     11.4G   0.08727   0.01164   0.01389    0.1128        20       256   0.04246    0.1448    0.0285  0.005597   0.09203    0.0123   0.01024
     4/399     11.4G   0.08483   0.01152   0.01243    0.1088        11       256    0.5164    0.1225   0.07441    0.0187   0.08441  0.008331   0.01787
     5/399     11.4G   0.08099   0.01151   0.01015    0.1027        25       256    0.5169    0.1638      0.11    0.0271   0.07627  0.007839  0.006998
     6/399     11.4G    0.0797   0.01134   0.01025    0.1013        27       256    0.5547    0.1424    0.1025   0.02795   0.07866  0.008301   0.01248
     7/399     11.4G   0.08242   0.01133   0.01306    0.1068         7       256     0.573    0.1525    0.1137   0.02814   0.08002  0.007861   0.01391
     8/399     11.4G   0.07919   0.01139   0.01049    0.1011        37       256  0.002381  0.009167  0.000325 5.843e-05    0.1054  0.008953   0.02027
     9/399     11.4G   0.09017   0.01145   0.01741     0.119        35       256    0.5514     0.142    0.1054   0.02894   0.08222  0.008182  0.009948
    10/399     11.4G   0.08167   0.01144   0.01241    0.1055        24       256    0.5354    0.1784    0.1214   0.03419   0.07644  0.007885  0.007047
    11/399     11.4G   0.08112   0.01146    0.0131    0.1057        21       256   0.04779   0.02103   0.01016   0.00329    0.1037   0.00827   0.04182
    12/399     11.4G   0.08169   0.01167   0.01253    0.1059        30       256    0.5835    0.1535    0.1184   0.03504   0.07861  0.007951  0.008782
    13/399     11.4G    0.0785   0.01133  0.009853   0.09969        20       256    0.6267    0.1876    0.1595   0.05105   0.07307  0.007663  0.007018
    14/399     11.4G   0.07623   0.01117  0.008578   0.09597        32       256    0.5537    0.2141     0.153   0.04836   0.07211  0.007563  0.005412
    15/399     11.4G   0.07491    0.0111  0.007837   0.09384        35       256    0.6662    0.2101    0.1806   0.06152   0.06969  0.007568  0.006201
    16/399     11.4G   0.07351   0.01125  0.007024   0.09178        70       256    0.6727    0.2161    0.1959   0.06805   0.06967  0.007478  0.005263
    17/399     11.4G   0.07381   0.01097  0.007232   0.09201        21       256    0.6585    0.2263    0.1974   0.06986     0.069  0.007575  0.004389
    18/399     11.5G   0.07288   0.01092  0.006332   0.09014        18       256    0.6624    0.2339    0.1984   0.06944   0.06742  0.007457  0.004881
    19/399     11.5G    0.0719   0.01092  0.005951   0.08878        63       256    0.6625    0.2313     0.201   0.06916   0.06679  0.007478  0.004576
    20/399     11.5G   0.07133   0.01088  0.005668   0.08788        72       256    0.7044    0.2229     0.212   0.07712   0.06664  0.007543  0.004943
    21/399     11.5G   0.07063   0.01092  0.005987   0.08754        12       256     0.673    0.2452    0.2233   0.08134   0.06602  0.007358  0.004117
    22/399     11.5G   0.07011   0.01095  0.005537    0.0866        28       256    0.6498    0.2506    0.2181   0.08328    0.0663  0.007336  0.006128
    23/399     11.5G   0.06998   0.01078  0.005862   0.08662        10       256       0.7    0.2301    0.2299   0.08983   0.06574  0.007402  0.005306
    24/399     11.5G   0.06885   0.01081  0.005081   0.08474        19       256    0.6914    0.2478    0.2335   0.09128   0.06453  0.007284  0.004644
    25/399     11.5G   0.06899   0.01061  0.004805    0.0844        18       256    0.7261    0.2335    0.2378   0.09366   0.06401  0.007232  0.004485
    26/399     11.5G   0.06888   0.01077  0.004842   0.08449        16       256    0.7012    0.2483    0.2417   0.09394   0.06318    0.0073  0.003615
    27/399     11.5G   0.06844   0.01064  0.005146   0.08423        22       256     0.707    0.2485    0.2496   0.09938   0.06287  0.007246  0.004544
    28/399     11.5G   0.06839   0.01065  0.005216   0.08426        19       256    0.6844    0.2681    0.2461   0.09823   0.06263  0.007274  0.003247
    29/399     11.5G   0.06808   0.01063   0.00457   0.08328        13       256    0.6108    0.2633    0.2671    0.1095   0.06161  0.007187    0.0032
    30/399     11.5G   0.06683    0.0106  0.004456   0.08189        30       256    0.7345    0.2674    0.2791    0.1173    0.0607  0.007083  0.003018
    31/399     11.5G   0.06704   0.01071  0.004606   0.08235        33       256    0.5291     0.277    0.2914    0.1243   0.06049  0.007061  0.002502
    32/399     11.5G   0.06606   0.01055  0.003699   0.08031        27       256    0.7272    0.2738    0.2859     0.118   0.06011  0.007077  0.002724
    33/399     11.5G   0.06655    0.0107  0.003708   0.08097        29       256    0.4853    0.3004     0.291      0.12   0.05962  0.006972  0.002455
    34/399     11.5G   0.06527    0.0105  0.003882   0.07965        23       256     0.418    0.2835    0.3007    0.1258   0.05926  0.006985  0.002643
    35/399     11.5G   0.06561   0.01045  0.004003   0.08006        29       256    0.6085     0.285    0.2928    0.1222   0.05895  0.006999  0.002418
    36/399     11.5G   0.06458   0.01046  0.003332   0.07838        17       256    0.5603    0.2953    0.3131    0.1355   0.05825  0.006899  0.002229
    37/399     11.5G   0.06504   0.01058    0.0037   0.07932        25       256    0.5365     0.318    0.3132     0.134   0.05864  0.006918  0.002416
    38/399     11.5G   0.06395   0.01037  0.003459   0.07778        18       256    0.5242    0.3189    0.3187    0.1378   0.05808  0.006837  0.002095
    39/399     11.5G   0.06453   0.01047  0.003552   0.07856        36       256    0.5144    0.3179    0.3333    0.1433   0.05749  0.006842  0.002081
    40/399     11.5G   0.06447   0.01039  0.003438    0.0783        17       256    0.5602    0.3246    0.3375    0.1473   0.05681  0.006785  0.002033
    41/399     11.5G   0.06307   0.01046  0.003339   0.07687        17       256    0.5518    0.3157    0.3331    0.1427   0.05665  0.006764  0.001922
    42/399     11.5G   0.06332   0.01034  0.003422   0.07709        31       256    0.5564    0.3382    0.3412    0.1476   0.05612  0.006736  0.001716
    43/399     11.5G   0.06365   0.01029  0.003578   0.07751        20       256    0.5502    0.3437    0.3369    0.1448   0.05675  0.006765  0.001876
    44/399     11.5G   0.06245   0.01033  0.002909   0.07569        20       256    0.5324    0.3632    0.3547    0.1571    0.0558  0.006708  0.001852
    45/399     11.5G   0.06248   0.01021  0.003091   0.07578        28       256    0.5637     0.362    0.3631    0.1613   0.05502  0.006684  0.001766
    46/399     11.5G   0.06229   0.01021  0.003215   0.07571        21       256    0.5763     0.366    0.3711    0.1641   0.05482  0.006653  0.001665
    47/399     11.5G    0.0622   0.01026  0.003141    0.0756        25       256    0.4892    0.3901    0.3694    0.1625   0.05452  0.006646  0.001628
    48/399     11.5G   0.06206   0.01027  0.002998   0.07533        16       256     0.535    0.3932    0.3752    0.1649    0.0544   0.00663  0.001787
    49/399     11.5G   0.06205   0.01034  0.002998   0.07539        50       256    0.6002    0.3626     0.377    0.1685   0.05419  0.006607  0.001656
    50/399     11.5G   0.06144    0.0102  0.002837   0.07448         9       256    0.5529    0.3926    0.3838    0.1718   0.05407   0.00659  0.001709
    51/399     11.5G   0.06202   0.01035   0.00259   0.07496        34       256    0.5563    0.3887    0.3878    0.1751   0.05359  0.006585  0.001615
    52/399     11.5G   0.06131   0.01021  0.002781    0.0743        23       256    0.5571    0.3931    0.3908    0.1781   0.05346  0.006578   0.00158
    53/399     11.5G   0.06056   0.01008   0.00271   0.07335        18       256    0.5758    0.3885    0.3946     0.179    0.0532  0.006553  0.001579
    54/399     11.5G   0.06056    0.0101   0.00258   0.07324        21       256    0.5729    0.3947    0.3959    0.1799   0.05298  0.006514  0.001526
    55/399     11.5G   0.05992   0.01018  0.002638   0.07274        19       256    0.5582    0.4013    0.4007     0.182   0.05272  0.006504  0.001565
    56/399     11.5G   0.06089   0.01033  0.002997   0.07422        41       256     0.548     0.405    0.4041    0.1838   0.05259  0.006482  0.001549
    57/399     11.5G   0.06009      0.01  0.002382   0.07247        23       256     0.554    0.4082    0.4087    0.1868   0.05228  0.006458  0.001534
    58/399     11.5G   0.06022   0.01006  0.002709     0.073        15       256     0.553    0.4167    0.4127    0.1886   0.05203  0.006443  0.001462
    59/399     11.5G   0.05942   0.01009  0.002387    0.0719        45       256      0.58    0.4124    0.4175    0.1901    0.0518  0.006423  0.001449
    60/399     11.5G   0.05984   0.01003   0.00271   0.07259        16       256    0.5571    0.4221     0.421     0.192   0.05155  0.006411  0.001432
    61/399     11.5G   0.05912   0.01013  0.002588   0.07184        23       256    0.5608    0.4256    0.4244    0.1933   0.05132  0.006394  0.001422
    62/399     11.5G   0.05905   0.01002  0.002866   0.07193        45       256    0.6122    0.4138    0.4274    0.1952   0.05109  0.006386  0.001399
    63/399     11.5G   0.05868    0.0101  0.002854   0.07163        28       256    0.5877    0.4232    0.4287    0.1956   0.05097  0.006385  0.001368
    64/399     11.5G   0.05844   0.01001   0.00239   0.07084        33       256    0.5657     0.434    0.4306    0.1969   0.05084  0.006368  0.001356
    65/399     11.5G   0.05877  0.009978  0.002476   0.07123        14       256    0.5557    0.4393    0.4326    0.1983   0.05069   0.00636  0.001338
    66/399     11.5G   0.05827   0.01001  0.002563   0.07085        11       256    0.5604    0.4395    0.4346    0.2006   0.05053  0.006355  0.001318
    67/399     11.5G   0.05826  0.009757  0.002271   0.07029        13       256      0.58    0.4363    0.4369    0.2015   0.05037   0.00634  0.001296
    68/399     11.5G   0.05818  0.009862  0.002121   0.07016        13       256    0.5825    0.4382     0.439    0.2036   0.05026  0.006337  0.001289
    69/399     11.5G   0.05757  0.009962  0.002285   0.06982        22       256    0.5813    0.4407    0.4408    0.2052   0.05008  0.006324  0.001281
    70/399     11.5G   0.05875   0.01015  0.002908   0.07181        40       256    0.5752     0.442    0.4405    0.2059   0.04995  0.006284  0.001236
    71/399     11.5G   0.05788  0.009986  0.002467   0.07033        23       256    0.6028    0.4323    0.4396    0.2065   0.04988  0.006276  0.001231
    72/399     11.5G   0.05769  0.009949  0.002437   0.07008        20       256     0.605    0.4345    0.4408    0.2081   0.04978  0.006269  0.001228
    73/399     11.5G   0.05723  0.009851  0.002488   0.06957        20       256    0.5788    0.4446    0.4421    0.2093   0.04968  0.006262  0.001243
    74/399     11.5G   0.05735   0.00985  0.002317   0.06952        24       256    0.5758    0.4478    0.4447    0.2099   0.04956  0.006254   0.00124
    75/399     11.5G   0.05711  0.009881  0.002189   0.06918        43       256     0.584    0.4471    0.4461    0.2107   0.04945  0.006245  0.001237
    76/399     11.5G   0.05674  0.009722  0.002417   0.06888        17       256    0.5774    0.4551    0.4483    0.2111   0.04934  0.006236  0.001247
    77/399     11.5G   0.05629  0.009788  0.002035   0.06812        11       256    0.5758    0.4566    0.4494    0.2118   0.04923  0.006224   0.00124
    78/399     11.5G     0.057  0.009775  0.002071   0.06885        18       256    0.5742    0.4592    0.4508    0.2126   0.04913  0.006216  0.001237
    79/399     11.5G   0.05676  0.009876  0.002793   0.06942        28       256      0.58    0.4586     0.453    0.2139   0.04903  0.006208  0.001229
    80/399     11.5G   0.05589    0.0096  0.001984   0.06747        50       256    0.5801    0.4609    0.4549    0.2151   0.04895  0.006199  0.001226
    81/399     11.5G   0.05582  0.009828  0.002202   0.06785        39       256     0.582    0.4643    0.4568    0.2161   0.04886   0.00619  0.001226
    82/399     11.5G   0.05561  0.009651  0.001963   0.06722        36       256    0.5875    0.4664    0.4588    0.2171   0.04877   0.00618  0.001224
    83/399     11.5G   0.05532  0.009796  0.002107   0.06722        28       256    0.5872    0.4678    0.4598    0.2176   0.04868  0.006171  0.001218
    84/399     11.5G   0.05556  0.009697  0.001856   0.06712        20       256    0.5906    0.4676    0.4607    0.2189   0.04861  0.006163  0.001216
    85/399     11.5G   0.05583  0.009733  0.002136    0.0677        28       256    0.6005    0.4669    0.4621    0.2199   0.04854  0.006152  0.001212
    86/399     11.5G   0.05508  0.009567  0.002098   0.06674        27       256    0.6011    0.4669    0.4621     0.221   0.04847  0.006144  0.001206
    87/399     11.5G   0.05526  0.009661  0.001929   0.06685        43       256    0.6016    0.4682    0.4635    0.2215   0.04839  0.006135  0.001197
    88/399     11.5G   0.05551  0.009629  0.002213   0.06735        24       256    0.6008    0.4702    0.4656    0.2225   0.04832  0.006129  0.001196
    89/399     11.5G   0.05517  0.009621  0.001951   0.06675        54       256    0.6263    0.4626    0.4661     0.223   0.04826  0.006124  0.001191
    90/399     11.5G   0.05573  0.009695  0.002246   0.06767        31       256    0.6307     0.462    0.4669    0.2239   0.04821   0.00612  0.001198
    91/399     11.5G    0.0556  0.009832  0.002336   0.06777        48       256    0.6057     0.472    0.4675    0.2239   0.04816  0.006115  0.001228
    92/399     11.5G   0.05438  0.009453  0.001743   0.06558        17       256    0.6063    0.4722    0.4684    0.2245   0.04811  0.006108  0.001239
    93/399     11.5G   0.05472  0.009564  0.001914    0.0662        15       256    0.6112    0.4714    0.4688    0.2251   0.04806  0.006102   0.00125
    94/399     11.5G    0.0543  0.009527  0.001971    0.0658        25       256    0.6143    0.4713    0.4699    0.2257   0.04801  0.006093  0.001259
    95/399     11.5G   0.05461  0.009688  0.002138   0.06643        20       256    0.6256    0.4701    0.4708    0.2267   0.04797  0.006086  0.001277
    96/399     11.5G   0.05487  0.009628  0.001992   0.06649        25       256    0.6217    0.4725    0.4721    0.2271   0.04792  0.006079  0.001289
    97/399     11.5G   0.05446  0.009589  0.001805   0.06586         8       256    0.6212    0.4741    0.4733    0.2278   0.04787  0.006073  0.001289
    98/399     11.5G   0.05549  0.009723  0.002215   0.06743        23       256    0.6237     0.475    0.4735    0.2284   0.04783  0.006067  0.001284
    99/399     11.5G   0.05397  0.009437  0.001628   0.06504        17       256    0.6271    0.4749    0.4744     0.229   0.04777  0.006061   0.00128
   100/399     11.5G   0.05374  0.009523  0.001805   0.06507        19       256    0.6231    0.4758    0.4748    0.2295   0.04772  0.006053  0.001274
   101/399     11.5G   0.05392  0.009392  0.001877   0.06519        14       256    0.6237    0.4761    0.4756    0.2296   0.04767  0.006045   0.00127
   102/399     11.5G   0.05307  0.009379  0.001701   0.06415        22       256    0.6288    0.4747    0.4765    0.2306   0.04761  0.006037  0.001264
   103/399     11.5G   0.05298  0.009477  0.001521   0.06398        19       256    0.6231    0.4792    0.4778     0.231   0.04756  0.006029  0.001259
   104/399     11.5G   0.05331  0.009477  0.001819    0.0646        11       256    0.6132    0.4816    0.4787    0.2323    0.0475   0.00602  0.001253
   105/399     11.5G   0.05287  0.009434  0.001588    0.0639        10       256    0.6167    0.4824      0.48     0.233   0.04744  0.006013  0.001248
   106/399     11.5G   0.05303  0.009415   0.00159   0.06403        19       256    0.6273    0.4787    0.4802    0.2337   0.04739  0.006005  0.001244
   107/399     11.5G   0.05243  0.009365  0.001417   0.06321        46       256    0.6405    0.4762    0.4813     0.234   0.04733  0.005996  0.001241
   108/399     11.5G   0.05218  0.009382   0.00157   0.06313        33       256    0.6065    0.4892    0.4827    0.2351   0.04727  0.005988   0.00124
   109/399     11.5G   0.05252   0.00937  0.001682   0.06357        18       256    0.6093    0.4891    0.4836    0.2356    0.0472   0.00598  0.001235
   110/399     11.5G   0.05225  0.009376  0.001585   0.06321        19       256    0.6124    0.4883    0.4845    0.2365   0.04714  0.005972  0.001232
   111/399     11.5G   0.05207  0.009307  0.001714   0.06309        23       256    0.6392    0.4807    0.4865    0.2374   0.04707  0.005964  0.001222
   112/399     11.5G   0.05256  0.009368  0.001676    0.0636        26       256    0.6166    0.4903    0.4876    0.2379   0.04702  0.005954  0.001218
   113/399     11.5G   0.05184  0.009256  0.001502    0.0626        35       256    0.6435    0.4808    0.4883    0.2382   0.04695  0.005946   0.00121
   114/399     11.5G   0.05161  0.009145  0.001513   0.06227        21       256    0.6408    0.4826    0.4889    0.2392   0.04689  0.005938  0.001204
   115/399     11.5G   0.05167  0.009335  0.001572   0.06258        35       256    0.6411    0.4834    0.4905    0.2398   0.04682  0.005929  0.001199
   116/399     11.5G   0.05172  0.009115   0.00137   0.06221        20       256    0.6439    0.4852    0.4918    0.2402   0.04676   0.00592  0.001193
   117/399     11.5G     0.052  0.009237  0.001532   0.06277        37       256    0.6442    0.4846    0.4929    0.2411    0.0467  0.005913  0.001189
   118/399     11.5G   0.05203  0.009297  0.001733   0.06306        18       256    0.6476    0.4849    0.4938    0.2419   0.04663  0.005905  0.001179
   119/399     11.5G    0.0517  0.009166  0.001419   0.06229        37       256    0.6531    0.4843    0.4949    0.2428   0.04656  0.005896   0.00117
   120/399     11.5G   0.05164  0.009247  0.001688   0.06258        35       256    0.6547    0.4856    0.4965    0.2439   0.04649  0.005889  0.001162
   121/399     11.5G   0.05153  0.009233  0.001397   0.06216        13       256    0.6621    0.4838    0.4974    0.2446   0.04643  0.005882  0.001155
   122/399     11.5G    0.0514  0.009272  0.001635    0.0623        34       256    0.6687    0.4841    0.4991    0.2453   0.04638  0.005874  0.001153
   123/399     11.5G   0.05078  0.009085  0.001512   0.06138        14       256     0.666    0.4853    0.5003    0.2459   0.04633  0.005865  0.001148
   124/399     11.5G   0.05106  0.009133  0.001635   0.06183        23       256    0.6678    0.4877     0.502    0.2467   0.04627  0.005857  0.001144
   125/399     11.5G   0.05102  0.009194  0.001391   0.06161        27       256    0.6702    0.4878    0.5033    0.2475    0.0462  0.005847  0.001134
   126/399     11.5G   0.05115  0.009216  0.001331    0.0617        18       256    0.6704    0.4885    0.5042    0.2487   0.04614  0.005838  0.001127
   127/399     11.5G    0.0509   0.00912  0.001359   0.06138        30       256    0.6302    0.5022    0.5051    0.2497   0.04608   0.00583  0.001121
   128/399     11.5G   0.05021  0.009026  0.001309   0.06054        21       256    0.6412    0.5002    0.5067      0.25     0.046   0.00582  0.001106
   129/399     11.5G   0.05143  0.009124  0.001471   0.06202        28       256    0.6394    0.5018    0.5076    0.2505   0.04594  0.005812    0.0011
   130/399     11.5G   0.05098  0.009224  0.001596    0.0618        21       256     0.646    0.5009    0.5088    0.2514   0.04588  0.005804  0.001091
   131/399     11.5G   0.05089  0.009273  0.001547   0.06171        37       256    0.6663    0.4959    0.5101    0.2519   0.04582  0.005796  0.001086
   132/399     11.5G   0.05049  0.009203  0.001411    0.0611        25       256    0.6391    0.5043    0.5107    0.2533   0.04576  0.005788  0.001077
   133/399     11.5G    0.0499  0.009103  0.001369   0.06037        26       256    0.6442    0.5044    0.5119    0.2538    0.0457  0.005779  0.001068
   134/399     11.5G   0.05013  0.009091  0.001287    0.0605        19       256    0.6432     0.506    0.5129    0.2545   0.04564   0.00577   0.00106
   135/399     11.5G      0.05  0.008949  0.001312   0.06026        18       256    0.6446     0.506    0.5138    0.2553   0.04557  0.005762  0.001051
   136/399     11.5G   0.04952  0.008932   0.00129   0.05974        17       256    0.6494    0.5061    0.5155    0.2564   0.04551  0.005753  0.001047
   137/399     11.5G   0.04874  0.008881  0.001287   0.05891        12       256    0.6625    0.5018    0.5157    0.2571   0.04544  0.005744  0.001035
   138/399     11.5G   0.04988  0.008925  0.001323   0.06013        51       256    0.6614    0.5048    0.5169    0.2578   0.04537  0.005735  0.001024
   139/399     11.5G   0.04985  0.008897   0.00116   0.05991        20       256    0.6565     0.508    0.5183    0.2588    0.0453  0.005726  0.001015
   140/399     11.5G   0.04934   0.00886  0.001122   0.05932        23       256    0.6521     0.511    0.5198    0.2598   0.04521  0.005718  0.001008
   141/399     11.5G    0.0501  0.009011  0.001586    0.0607        21       256    0.6545    0.5133    0.5212    0.2614   0.04515  0.005708 0.0009999
   142/399     11.5G   0.04947  0.008979  0.001345   0.05979        28       256    0.6783    0.5059    0.5223    0.2619   0.04508  0.005701 0.0009854
   143/399     11.5G   0.04949  0.009029  0.001184    0.0597        11       256    0.6819    0.5086     0.524    0.2629     0.045  0.005693 0.0009749
   144/399     11.5G    0.0492  0.008881  0.001385   0.05946        20       256    0.6843    0.5076    0.5246    0.2636   0.04492  0.005684 0.0009689
   145/399     11.5G   0.04885  0.008903  0.001338   0.05909        24       256    0.6853     0.508     0.526    0.2643   0.04486  0.005676 0.0009669
   146/399     11.5G   0.04899  0.008965  0.001175   0.05913        26       256    0.6759    0.5106    0.5262    0.2649   0.04479  0.005668 0.0009624
   147/399     11.5G   0.04837  0.008914  0.001207   0.05849        17       256      0.67    0.5144    0.5278     0.266    0.0447  0.005658 0.0009555
   148/399     11.5G   0.04869  0.008835  0.001134   0.05866        28       256    0.6567    0.5204    0.5296    0.2675   0.04464  0.005648 0.0009525
   149/399     11.5G   0.04869  0.008852  0.001212   0.05875        26       256    0.6711    0.5168    0.5307    0.2683   0.04456  0.005639 0.0009418
   150/399     11.5G   0.04868  0.008771  0.001106   0.05856        28       256    0.6492    0.5243    0.5312    0.2691   0.04449  0.005629 0.0009337
   151/399     11.5G   0.04837  0.008832  0.001103   0.05831        58       256    0.6587    0.5226    0.5323    0.2699   0.04441  0.005619 0.0009264
   152/399     11.5G   0.04858  0.008867  0.001093   0.05854        34       256    0.6579    0.5248    0.5336    0.2711   0.04434  0.005609 0.0009172
   153/399     11.5G   0.04879  0.008822  0.001046   0.05865        23       256     0.639    0.5331    0.5354    0.2721   0.04428  0.005599  0.000908
   154/399     11.5G   0.04825  0.008812   0.00126   0.05833        26       256    0.6302    0.5373    0.5365    0.2729   0.04421  0.005589 0.0008996
   155/399     11.5G   0.04822  0.008868  0.001137   0.05823        26       256    0.6292     0.539    0.5377    0.2736   0.04415   0.00558 0.0008912
   156/399     11.5G   0.04773  0.008779  0.001028   0.05754        25       256     0.633    0.5404    0.5394    0.2743   0.04409  0.005571 0.0008826
   157/399     11.5G   0.04798   0.00886  0.001344   0.05818        22       256    0.6295    0.5433      0.54    0.2752   0.04403  0.005561 0.0008797
   158/399     11.5G   0.04816  0.008747 0.0009993    0.0579        26       256    0.6305     0.544    0.5414    0.2763   0.04397  0.005553 0.0008736
   159/399     11.5G   0.04791  0.008732  0.001085   0.05773        21       256    0.6722    0.5307    0.5427    0.2775   0.04389  0.005544 0.0008668
   160/399     11.5G   0.04726  0.008694  0.000999   0.05695        14       256     0.633    0.5474    0.5439    0.2784   0.04381  0.005535 0.0008579
   161/399     11.5G   0.04741  0.008685  0.001067   0.05716        31       256     0.646    0.5442    0.5461    0.2793   0.04372  0.005526 0.0008454
   162/399     11.5G   0.04758  0.008676   0.00101   0.05726        51       256     0.648    0.5443     0.547    0.2804   0.04365  0.005517 0.0008415
   163/399     11.5G   0.04755  0.008733 0.0009751   0.05726        34       256    0.6551    0.5413    0.5475    0.2815   0.04357  0.005509 0.0008377
   164/399     11.5G   0.04802  0.008821   0.00146    0.0583        25       256    0.6773    0.5358    0.5508    0.2829    0.0435  0.005501 0.0008364
   165/399     11.5G   0.04768  0.008807  0.001369   0.05786        50       256    0.6475    0.5488    0.5525    0.2838   0.04343  0.005492  0.000837
   166/399     11.5G   0.04687  0.008664 0.0008961   0.05643        16       256    0.6473    0.5488     0.553    0.2848   0.04337  0.005484 0.0008354
   167/399     11.5G    0.0478   0.00883  0.001178   0.05781        33       256    0.6426    0.5518    0.5541    0.2856   0.04331  0.005477 0.0008305
   168/399     11.5G   0.04748  0.008645  0.001105   0.05723        23       256    0.6432    0.5541    0.5555    0.2868   0.04323  0.005469 0.0008221
   169/399     11.5G   0.04742  0.008731 0.0009962   0.05715        24       256    0.6452    0.5542    0.5568    0.2878   0.04316   0.00546  0.000818
   170/399     11.5G   0.04701  0.008655  0.001116   0.05679        24       256    0.6626    0.5485    0.5584    0.2886   0.04309  0.005452 0.0008118
   171/399     11.5G    0.0465  0.008674  0.000904   0.05607        34       256    0.6566    0.5521    0.5592    0.2902   0.04301  0.005442 0.0008011
   172/399     11.5G   0.04658   0.00846  0.001073   0.05612        24       256    0.6592    0.5525    0.5601    0.2916   0.04294  0.005433 0.0007946
   173/399     11.5G   0.04708  0.008735  0.001053   0.05687        70       256    0.6622    0.5534    0.5624    0.2928   0.04286  0.005425 0.0007898
   174/399     11.5G   0.04715  0.008648   0.00105   0.05685        28       256    0.6798    0.5491    0.5644    0.2936   0.04279  0.005417 0.0007857
   175/399     11.5G   0.04703   0.00862  0.001294   0.05694        22       256    0.6849      0.55    0.5657    0.2941   0.04271  0.005408 0.0007791
   176/399     11.5G   0.04673  0.008614  0.001046   0.05639        28       256    0.6835    0.5509    0.5664    0.2951   0.04263    0.0054 0.0007742
   177/399     11.5G   0.04629  0.008542  0.001104   0.05594        22       256    0.6832    0.5526    0.5677    0.2965   0.04256  0.005391  0.000768
   178/399     11.5G   0.04733  0.008735  0.001626   0.05769        18       256    0.6758    0.5566    0.5687    0.2978   0.04249  0.005383 0.0007641
   179/399     11.5G   0.04658  0.008539  0.001037   0.05615        23       256    0.6772    0.5574    0.5693    0.2989   0.04242  0.005374 0.0007601
   180/399     11.5G   0.04662  0.008681   0.00109   0.05639        17       256    0.6734    0.5609    0.5707       0.3   0.04235  0.005366 0.0007523
   181/399     11.5G   0.04646  0.008629  0.001136   0.05622        62       256    0.6785    0.5602    0.5716    0.3008   0.04228  0.005357 0.0007472
   182/399     11.5G   0.04603  0.008542 0.0008329    0.0554        39       256    0.6892    0.5582    0.5728    0.3018    0.0422  0.005348 0.0007387
   183/399     11.5G   0.04566  0.008499 0.0008831   0.05504        33       256    0.6899    0.5602    0.5739     0.303   0.04212  0.005338 0.0007351
   184/399     11.5G   0.04566  0.008472 0.0008661     0.055        33       256    0.6931    0.5608    0.5751    0.3044   0.04204  0.005329 0.0007268
   185/399     11.5G   0.04478  0.008368 0.0007819   0.05393        10       256    0.6911    0.5627    0.5765    0.3056   0.04195  0.005319 0.0007228
   186/399     11.5G   0.04563  0.008471 0.0009899   0.05509        21       256     0.694    0.5639    0.5779    0.3066   0.04188   0.00531 0.0007189
   187/399     11.5G   0.04582  0.008464  0.001006   0.05529        34       256     0.703    0.5625    0.5789    0.3072    0.0418  0.005302 0.0007162
   188/399     11.5G   0.04544  0.008469   0.00101   0.05492        46       256    0.7068    0.5629    0.5804     0.308   0.04173  0.005293 0.0007115
   189/399     11.5G    0.0456  0.008559 0.0009495   0.05511        30       256    0.7077    0.5636    0.5818    0.3091   0.04166  0.005284 0.0007082
   190/399     11.5G   0.04567  0.008396   0.00105   0.05512        18       256    0.6939    0.5704    0.5836    0.3105   0.04159  0.005276 0.0007044
   191/399     11.5G   0.04582  0.008447 0.0009153   0.05518        16       256    0.6981    0.5708    0.5843    0.3115   0.04151  0.005267 0.0006989
   192/399     11.5G   0.04588  0.008501   0.00107   0.05545        40       256    0.7032      0.57    0.5856    0.3124   0.04145  0.005258  0.000695
   193/399     11.5G   0.04555  0.008383  0.000901   0.05483        14       256    0.7083    0.5695    0.5864    0.3126   0.04138   0.00525 0.0006918
   194/399     11.5G   0.04482  0.008385 0.0008408   0.05404        26       256    0.7058      0.57    0.5875     0.314    0.0413   0.00524 0.0006884
   195/399     11.5G   0.04474  0.008396 0.0009663    0.0541        27       256    0.6958    0.5757     0.589    0.3149   0.04123  0.005232 0.0006867
   196/399     11.5G   0.04512  0.008498  0.001058   0.05468        25       256    0.6984    0.5765    0.5894    0.3155   0.04116  0.005224 0.0006846
   197/399     11.5G   0.04552  0.008518    0.0013   0.05533        11       256    0.7087    0.5734    0.5907    0.3166    0.0411  0.005215 0.0006809
   198/399     11.5G   0.04562  0.008555  0.001255   0.05543        13       256    0.6916    0.5824    0.5922    0.3181   0.04104  0.005207 0.0006787
   199/399     11.5G   0.04529  0.008482  0.001115   0.05489        25       256    0.7093    0.5766    0.5934    0.3193   0.04098  0.005199 0.0006776
   200/399     11.5G   0.04526  0.008347 0.0008545   0.05446        18       256      0.71    0.5774    0.5941    0.3203   0.04092  0.005189 0.0006743
   201/399     11.5G   0.04537  0.008447  0.001191     0.055        21       256    0.7134    0.5782    0.5956    0.3213   0.04087   0.00518 0.0006736
   202/399     11.5G   0.04554  0.008431  0.001191   0.05516        55       256    0.7101    0.5809    0.5973    0.3225    0.0408  0.005172 0.0006723
   203/399     11.5G   0.04431  0.008366 0.0009793   0.05366        18       256    0.7117    0.5803    0.5976    0.3233   0.04074  0.005163 0.0006698
   204/399     11.5G   0.04479  0.008336 0.0007411   0.05386        23       256    0.7175    0.5796    0.5985    0.3244   0.04068  0.005155 0.0006658
   205/399     11.5G   0.04435  0.008343  0.001277   0.05397        11       256    0.7099    0.5855    0.6006    0.3254   0.04062  0.005146 0.0006636
   206/399     11.5G   0.04488  0.008386   0.00104    0.0543        42       256    0.7115     0.585    0.6013    0.3262   0.04056  0.005138 0.0006599
   207/399     11.5G   0.04418  0.008282 0.0007267   0.05319        19       256    0.7165    0.5843    0.6028     0.327    0.0405  0.005129 0.0006581
   208/399     11.5G    0.0438  0.008237 0.0008066   0.05284        24       256    0.7191    0.5854    0.6044    0.3276   0.04043   0.00512 0.0006558
   209/399     11.5G   0.04337  0.008195 0.0008022   0.05237        15       256    0.7198    0.5862    0.6055    0.3283   0.04036  0.005112 0.0006538
   210/399     11.5G   0.04354  0.008151 0.0008287   0.05252        33       256    0.7234    0.5861    0.6064     0.329   0.04028  0.005103 0.0006491
   211/399     11.5G   0.04345  0.008206 0.0008649   0.05252         8       256    0.7277    0.5855    0.6078    0.3299   0.04022  0.005094 0.0006468
   212/399     11.5G   0.04365  0.008281  0.000817   0.05275        19       256    0.7276     0.587    0.6096    0.3312   0.04015  0.005086 0.0006447
   213/399     11.5G   0.04372  0.008141 0.0006695   0.05253        25       256    0.7256    0.5878    0.6107    0.3323   0.04008  0.005078 0.0006435
   214/399     11.5G   0.04325  0.008137 0.0007938   0.05218        22       256    0.7507    0.5796    0.6115    0.3328   0.04002  0.005069 0.0006423
   215/399     11.5G   0.04319  0.008118 0.0007369   0.05204        28       256    0.7561    0.5801    0.6132     0.334   0.03995   0.00506 0.0006396
   216/399     11.5G   0.04367  0.008211 0.0007978   0.05268        14       256     0.763    0.5793    0.6148     0.335   0.03989  0.005053 0.0006384
   217/399     11.5G   0.04331  0.008177 0.0007232   0.05221        19       256     0.769    0.5788    0.6153    0.3357   0.03982  0.005044 0.0006356
   218/399     11.5G   0.04289  0.008264 0.0007617   0.05192        19       256    0.7113    0.6028    0.6169    0.3367   0.03976  0.005036 0.0006347
   219/399     11.5G   0.04317  0.008243 0.0008678   0.05228        27       256    0.7193    0.6014    0.6184    0.3377    0.0397  0.005027 0.0006321
   220/399     11.5G   0.04299   0.00806 0.0009209   0.05197        20       256    0.7231    0.6011    0.6185    0.3388   0.03963  0.005018 0.0006293
   221/399     11.5G   0.04237  0.008066 0.0007025   0.05114        25       256     0.724    0.6015    0.6194    0.3395   0.03956  0.005009 0.0006267
   222/399     11.5G   0.04241  0.007913 0.0007154   0.05104        22       256    0.7311    0.6016    0.6212    0.3405   0.03949     0.005 0.0006238
   223/399     11.5G   0.04244  0.008026 0.0006974   0.05117        51       256    0.7343    0.6023    0.6224    0.3413   0.03942   0.00499 0.0006207
   224/399     11.5G   0.04303  0.008056  0.000855   0.05195        91       256    0.7363    0.6037    0.6235    0.3423   0.03937  0.004983 0.0006173
   225/399     11.5G   0.04261  0.008169 0.0007529   0.05154         9       256    0.7366     0.605    0.6248    0.3429   0.03931  0.004974 0.0006157
   226/399     11.5G    0.0436  0.008249 0.0009115   0.05276        13       256    0.7342     0.607    0.6262    0.3438   0.03925  0.004966 0.0006153
   227/399     11.5G     0.043  0.008058 0.0007253   0.05178         8       256    0.7419    0.6052    0.6271    0.3443   0.03919  0.004958 0.0006141
   228/399     11.5G   0.04288  0.008116 0.0006992   0.05169        30       256    0.7504    0.6027    0.6278    0.3456   0.03912   0.00495 0.0006132
   229/399     11.5G    0.0419  0.007895 0.0007713   0.05057        22       256    0.7424    0.6068     0.629    0.3464   0.03905  0.004942 0.0006118
   230/399     11.5G    0.0427  0.008154 0.0008076   0.05166        11       256    0.7431    0.6075    0.6304    0.3465   0.03899  0.004933  0.000609
   231/399     11.5G   0.04255  0.008063 0.0006973   0.05131        21       256    0.7395    0.6101    0.6313    0.3471   0.03893  0.004925 0.0006072
   232/399     11.5G   0.04208  0.008011 0.0007483   0.05084        19       256    0.7329    0.6142    0.6327     0.348   0.03886  0.004916 0.0006055
   233/399     11.5G   0.04256  0.007939 0.0007454   0.05125        13       256    0.7414    0.6117    0.6333    0.3488    0.0388  0.004908 0.0006049
   234/399     11.5G   0.04284   0.00827 0.0008906     0.052        37       256     0.752    0.6092    0.6348    0.3499   0.03874  0.004901 0.0006046
   235/399     11.5G   0.04239  0.008138  0.000864   0.05139        46       256    0.7561    0.6089    0.6361    0.3507   0.03868  0.004894 0.0006041
   236/399     11.5G   0.04177  0.007989 0.0007354   0.05049        38       256    0.7458    0.6131    0.6363    0.3513   0.03861  0.004885 0.0006025
   237/399     11.5G   0.04235  0.007973 0.0006081   0.05093        40       256    0.7461    0.6145    0.6372    0.3523   0.03855  0.004878 0.0006021
   238/399     11.5G   0.04216  0.008014 0.0007342   0.05091        21       256      0.74    0.6178    0.6382    0.3533   0.03849   0.00487 0.0006005
   239/399     11.5G   0.04136  0.007901 0.0006248   0.04989        15       256     0.751    0.6145    0.6383    0.3537   0.03842  0.004862  0.000599
   240/399     11.5G   0.04155  0.007944 0.0007957   0.05029        16       256    0.7533    0.6151    0.6396    0.3544   0.03836  0.004854 0.0005968
   241/399     11.5G   0.04183   0.00786 0.0007901   0.05049        22       256    0.7595    0.6135      0.64    0.3552    0.0383  0.004846 0.0005951
   242/399     11.5G   0.04266  0.008186  0.001127   0.05197        30       256    0.7323    0.6261     0.641    0.3559   0.03824  0.004839 0.0005931
   243/399     11.5G   0.04213   0.00814 0.0009952   0.05127        28       256    0.7559    0.6176     0.642    0.3567    0.0382  0.004834 0.0005916
   244/399     11.5G   0.04144   0.00792 0.0007592   0.05012        14       256    0.7527    0.6199    0.6433    0.3575   0.03814  0.004827 0.0005898
   245/399     11.5G   0.04146  0.007968 0.0006887   0.05012        29       256    0.7534    0.6215    0.6439    0.3581   0.03809   0.00482 0.0005875
   246/399     11.5G   0.04113  0.007923 0.0008494    0.0499        19       256    0.7557    0.6221    0.6449    0.3591   0.03803  0.004813 0.0005856
   247/399     11.5G   0.04171  0.008004 0.0008389   0.05055        39       256    0.7621    0.6199    0.6453    0.3597   0.03796  0.004807 0.0005839
   248/399     11.5G    0.0414  0.007931 0.0007312   0.05006        21       256    0.7655     0.619    0.6463    0.3607    0.0379    0.0048 0.0005819
   249/399     11.5G   0.04093  0.007808 0.0007801   0.04951        20       256    0.7678    0.6198    0.6478    0.3614   0.03784  0.004793 0.0005801
   250/399     11.5G   0.04116  0.007893 0.0007229   0.04977        19       256    0.7474    0.6289    0.6485    0.3623   0.03778  0.004787 0.0005785
   251/399     11.5G   0.04069  0.007797 0.0006159    0.0491        21       256    0.7501    0.6284    0.6493    0.3634   0.03771   0.00478 0.0005765
   252/399     11.5G   0.04066  0.007736 0.0006636   0.04906        34       256    0.7697    0.6219    0.6498    0.3645   0.03765  0.004773 0.0005744
   253/399     11.5G   0.04037  0.007741 0.0007502   0.04887        24       256    0.7662    0.6238    0.6506    0.3653   0.03759  0.004766 0.0005724
