      0/99     1.92G   0.09138   0.01217   0.01585    0.1194        30       256    0.2236    0.3702    0.1969   0.05836   0.07102  0.007915  0.004417
      1/99     9.63G   0.06561   0.01158     0.006   0.08318        25       256     0.352    0.3207    0.2392   0.07846   0.06721  0.007704   0.00491
      2/99     11.1G   0.06278   0.01112  0.005592   0.07949        29       256    0.4999    0.4765    0.4208    0.1376   0.05651  0.007047  0.004544
      3/99     11.1G   0.06276   0.01122   0.00536   0.07934        29       256    0.5482    0.4607    0.4176    0.1304   0.05922   0.00733  0.009437
      4/99     11.1G   0.07266   0.01257  0.009524   0.09475        33       256    0.3559     0.277    0.1762   0.04821   0.06965  0.008892  0.004509
      5/99     11.1G   0.07404   0.01279  0.009826   0.09665        19       256    0.4524    0.3221    0.2729     0.089   0.06314  0.008277  0.004359
      6/99     11.1G    0.0667   0.01232  0.006873   0.08589        15       256     0.502    0.3967    0.3494    0.1236   0.05779  0.007316  0.003362
      7/99     11.1G   0.06281   0.01183  0.006133   0.08078        47       256    0.6309    0.4735    0.4787    0.1824   0.05176  0.007096  0.002417
      8/99     11.1G   0.06094   0.01169  0.005237   0.07787        37       256     0.592    0.4446     0.453    0.1687   0.05269  0.006868  0.002294
      9/99     11.2G   0.05899   0.01144  0.004406   0.07484        19       256    0.6733    0.4915    0.4996    0.1978   0.04936  0.006929  0.002462
     10/99     11.2G   0.05756   0.01124  0.004423   0.07322        20       256    0.7048    0.5279    0.5658    0.2253   0.04744  0.006322   0.00196
     11/99     11.2G    0.0567   0.01104  0.004566   0.07231        45       256    0.6464    0.5343     0.524    0.2063   0.04748  0.006559  0.002144
     12/99     11.2G   0.05599   0.01095  0.004429   0.07137        21       256    0.6574    0.5198    0.5374    0.2218    0.0473  0.006465  0.002636
     13/99     11.2G   0.05612    0.0109   0.00432   0.07134        29       256    0.6633    0.5569    0.5669    0.2288   0.04589  0.006234  0.001788
     14/99     11.2G    0.0552   0.01095  0.004212   0.07036        31       256    0.6816    0.6048    0.6107    0.2573   0.04471  0.006175  0.001711
     15/99     11.2G   0.05441   0.01078  0.004091   0.06928        56       256    0.6855    0.6193    0.6248    0.2702   0.04392    0.0061  0.001472
     16/99     11.2G    0.0535   0.01061  0.003907   0.06802        30       256    0.6867     0.605    0.6093    0.2696   0.04358  0.006144  0.002269
     17/99     11.2G   0.05409   0.01081  0.003968   0.06888        34       256    0.7062    0.5668     0.597    0.2561   0.04475  0.006336  0.001808
     18/99     11.2G   0.05365   0.01056  0.004048   0.06826        27       256    0.7226    0.6519    0.6685    0.2922   0.04334  0.005749  0.001326
     19/99     11.2G   0.05301   0.01038   0.00342   0.06681        30       256    0.7413    0.6144    0.6507    0.2921   0.04187  0.005869  0.001963
     20/99     11.2G   0.05243   0.01044  0.003558   0.06643        32       256    0.7045    0.6339    0.6401    0.2773   0.04165  0.005784  0.001217
     21/99     11.2G   0.05234   0.01044   0.00374   0.06652        24       256    0.7337    0.6356    0.6473    0.2835   0.04098  0.005641  0.001646
     22/99     11.2G   0.05144   0.01036  0.003615   0.06541        11       256    0.7391    0.6428    0.6708    0.3005    0.0406  0.005671  0.001417
     23/99     11.2G    0.0505   0.01012  0.003069   0.06369        21       256    0.7226    0.6823    0.6865    0.3161   0.03948    0.0055  0.001221
     24/99     11.2G   0.05079   0.01004  0.003133   0.06396        22       256    0.7509    0.6579     0.686    0.3159   0.04007  0.005496  0.001591
     25/99     11.2G   0.05044   0.01006  0.003093   0.06359        27       256    0.7737    0.6705    0.7157    0.3371   0.03905  0.005376  0.001196
     26/99     11.2G   0.05031  0.009993  0.003091    0.0634        29       256    0.7531    0.6729    0.7013    0.3238   0.03921  0.005413  0.001094
     27/99     11.2G   0.05026   0.01006   0.00306   0.06338        26       256     0.775    0.6789    0.7162    0.3331   0.03877  0.005255  0.001131
     28/99     11.2G    0.0494  0.009848  0.003077   0.06233        27       256    0.7591    0.6853    0.7146    0.3396   0.03827  0.005367  0.001229
     29/99     11.2G   0.05002   0.01014  0.003178   0.06334        60       256    0.7364    0.7091    0.7241    0.3438   0.03842  0.005423  0.001052
     30/99     11.2G   0.04873  0.009812  0.002876   0.06142        20       256    0.7759    0.6843    0.7269    0.3446   0.03808  0.005249    0.0012
     31/99     11.2G   0.04871  0.009769  0.003134   0.06162        16       256    0.7711    0.6968    0.7287    0.3493    0.0376  0.005268   0.00117
     32/99     11.2G   0.04853  0.009701  0.003078   0.06131        40       256    0.7971    0.7059    0.7471    0.3615   0.03698  0.005153  0.001287
     33/99     11.2G   0.04859  0.009642  0.002718   0.06095        18       256    0.7749    0.7154    0.7444    0.3674   0.03683  0.005148  0.001249
     34/99     11.2G   0.04811  0.009605  0.002719   0.06043        26       256    0.7607    0.7058    0.7337    0.3599   0.03669  0.005077  0.001119
     35/99     11.2G   0.04819  0.009653  0.002816   0.06066        19       256    0.7646    0.7128    0.7398    0.3698   0.03629  0.005057  0.001095
     36/99     11.2G   0.04797  0.009644  0.002695   0.06031        36       256    0.7938    0.6988    0.7478    0.3727   0.03645  0.005101  0.001059
     37/99     11.2G   0.04757  0.009508  0.002903   0.05998        18       256    0.7672    0.7276    0.7515    0.3714   0.03599  0.005022 0.0009423
     38/99     11.2G   0.04754  0.009669  0.002861   0.06007        21       256    0.7854    0.7234    0.7499    0.3751   0.03607  0.005072  0.001305
     39/99     11.2G   0.04737  0.009636  0.002635   0.05964        32       256    0.7972    0.7177    0.7511    0.3729   0.03572  0.004951 0.0009893
     40/99     11.2G   0.04721  0.009616  0.002905   0.05974        65       256     0.771    0.7409    0.7589      0.38   0.03552  0.004997 0.0009877
     41/99     11.2G   0.04668  0.009445  0.002468   0.05859        22       256      0.79     0.736    0.7693    0.3897   0.03507  0.004928 0.0009535
     42/99     11.2G   0.04635  0.009433   0.00262   0.05841        16       256    0.7819    0.7448    0.7695    0.3943   0.03478  0.004856 0.0009628
     43/99     11.2G    0.0468  0.009422  0.002853   0.05908        24       256    0.8006    0.7341    0.7656    0.3876   0.03502  0.004876 0.0009271
     44/99     11.2G   0.04632  0.009368  0.002525   0.05821        19       256    0.8052    0.7378    0.7705    0.3892    0.0348  0.004856 0.0008816
     45/99     11.2G   0.04651  0.009334  0.002546   0.05839        34       256    0.7982    0.7451    0.7754    0.3923   0.03466  0.004851 0.0009248
     46/99     11.2G   0.04562  0.009326   0.00259   0.05753        28       256    0.7967    0.7418    0.7768    0.3976   0.03445  0.004833 0.0008745
     47/99     11.2G   0.04558  0.009401  0.002438   0.05742        17       256    0.8216    0.7382    0.7829    0.4037   0.03419  0.004796 0.0008417
     48/99     11.2G   0.04563  0.009217  0.002725   0.05757        25       256    0.7851    0.7563    0.7806    0.4023   0.03422  0.004775 0.0007958
     49/99     11.2G   0.04555  0.009264  0.002449   0.05726        42       256    0.7899    0.7524    0.7824    0.4005   0.03413  0.004768 0.0008456
     50/99     11.2G   0.04457  0.009145  0.002267   0.05598        62       256    0.7895    0.7541    0.7821     0.402   0.03394   0.00477 0.0008355
     51/99     11.2G   0.04466   0.00908  0.002476   0.05621        13       256    0.8236    0.7401    0.7845    0.4075   0.03368  0.004753  0.000774
     52/99     11.2G   0.04456  0.009212  0.002447   0.05622        33       256     0.804    0.7574    0.7856    0.4104   0.03356   0.00471 0.0007343
     53/99     11.2G   0.04457  0.009153  0.002425   0.05615        19       256    0.8139    0.7501    0.7864    0.4087   0.03365  0.004724 0.0007202
     54/99     11.2G   0.04513  0.009261   0.00227   0.05666        54       256     0.799    0.7587    0.7858    0.4091    0.0337  0.004733 0.0007148
     55/99     11.2G   0.04414   0.00908  0.002319   0.05554        21       256    0.8071    0.7576    0.7909    0.4124   0.03351  0.004719 0.0006943
     56/99     11.2G   0.04445  0.009183  0.002456   0.05609        28       256    0.8148    0.7517    0.7919    0.4151   0.03341  0.004724 0.0007052
     57/99     11.2G   0.04469   0.00915  0.002432   0.05627        45       256    0.8269    0.7464    0.7929    0.4166   0.03319  0.004701 0.0006985
     58/99     11.2G     0.044  0.009062  0.002386   0.05545        13       256    0.8185    0.7535    0.7938     0.417   0.03313   0.00469 0.0006945
     59/99     11.2G   0.04338  0.009014  0.002051   0.05445        26       256    0.8126    0.7592    0.7937    0.4187   0.03306   0.00467 0.0006844
     60/99     11.2G   0.04371  0.008887  0.002176   0.05478        33       256    0.8167    0.7607    0.7968    0.4209   0.03298  0.004655  0.000683
     61/99     11.2G   0.04276  0.008796  0.001915   0.05347        19       256    0.8116    0.7697    0.7975     0.422   0.03291  0.004648 0.0006804
     62/99     11.2G   0.04327   0.00888  0.002248   0.05439        13       256    0.8219    0.7656       0.8    0.4237   0.03281  0.004636 0.0006871
     63/99     11.2G   0.04289  0.008866  0.002074   0.05383        24       256    0.8218    0.7627    0.7996    0.4246   0.03273  0.004623 0.0006822
     64/99     11.2G   0.04255  0.008765  0.002048   0.05336        32       256    0.8294    0.7607     0.801    0.4256   0.03269  0.004611 0.0006793
     65/99     11.2G   0.04245  0.008785  0.002045   0.05328        26       256    0.8265    0.7632    0.8014     0.426   0.03264  0.004607 0.0006764
     66/99     11.2G   0.04201  0.008842   0.00201   0.05286        22       256    0.8134    0.7722    0.8021    0.4272   0.03255   0.00459 0.0006702
     67/99     11.2G   0.04202  0.008709  0.002206   0.05294        50       256    0.8124    0.7751    0.8037    0.4288   0.03247  0.004574 0.0006662
     68/99     11.2G   0.04209  0.008681  0.002177   0.05295        31       256    0.8176    0.7718    0.8025    0.4297   0.03239  0.004566 0.0006583
     69/99     11.2G   0.04238  0.008783   0.00221   0.05337        22       256    0.8124    0.7743    0.8032    0.4312   0.03235   0.00456 0.0006518
     70/99     11.2G   0.04199  0.008627  0.001983    0.0526        14       256    0.8128    0.7736    0.8033    0.4314   0.03229  0.004548 0.0006397
     71/99     11.2G   0.04147  0.008641   0.00206   0.05217        19       256    0.8128    0.7753    0.8048    0.4318   0.03224  0.004541 0.0006306
     72/99     11.2G   0.04125  0.008558  0.002018   0.05183        28       256    0.8133     0.775     0.805    0.4328    0.0322  0.004534 0.0006246
     73/99     11.2G   0.04143  0.008641  0.001834    0.0519        26       256    0.8123    0.7776    0.8065    0.4331   0.03216  0.004524 0.0006168
     74/99     11.2G   0.04089  0.008549  0.001721   0.05116        16       256    0.8163    0.7783    0.8084    0.4338   0.03211  0.004516 0.0006107
     75/99     11.2G   0.04112  0.008623  0.001868   0.05162        12       256    0.8093    0.7842    0.8098    0.4348   0.03205  0.004512 0.0006058
     76/99     11.2G   0.04124  0.008536  0.001684   0.05146        29       256    0.8141    0.7828    0.8096    0.4355   0.03195  0.004506 0.0005977
     77/99     11.2G   0.04086  0.008491  0.001835   0.05119        16       256    0.8176    0.7814    0.8097    0.4358    0.0319  0.004502 0.0005949
     78/99     11.2G   0.04091  0.008515  0.001643   0.05106        45       256    0.8235    0.7788      0.81    0.4365   0.03185  0.004497 0.0005896
     79/99     11.2G   0.04094  0.008546  0.001698   0.05118        20       256    0.8156    0.7856    0.8113     0.437    0.0318  0.004491 0.0005861
     80/99     11.2G   0.04047   0.00844  0.001842   0.05075        36       256     0.815    0.7858    0.8112     0.438   0.03176  0.004486  0.000582
     81/99     11.2G   0.03987  0.008305  0.001641   0.04981        15       256    0.8183     0.784    0.8118    0.4386   0.03173  0.004481 0.0005792
     82/99     11.2G   0.03947  0.008327  0.001617   0.04942        18       256    0.8203    0.7825    0.8117    0.4394    0.0317  0.004475   0.00058
     83/99     11.2G   0.04008  0.008388   0.00191   0.05038        39       256    0.8247     0.781    0.8126    0.4405   0.03166  0.004467 0.0005802
     84/99     11.2G   0.03982  0.008351  0.001657   0.04983        30       256    0.8234    0.7826    0.8127    0.4406   0.03163  0.004461 0.0005784
     85/99     11.2G    0.0393   0.00828  0.001871   0.04945        13       256     0.825    0.7832    0.8133    0.4411    0.0316  0.004454 0.0005782
     86/99     11.2G   0.03922  0.008225  0.001621   0.04907        35       256    0.8218    0.7864    0.8142     0.441   0.03157  0.004447 0.0005779
     87/99     11.2G    0.0388  0.008364  0.001552   0.04872        75       256     0.823    0.7868    0.8144    0.4422   0.03155   0.00444 0.0005763
     88/99     11.2G    0.0392  0.008264  0.001523   0.04899        24       256     0.837    0.7777    0.8146    0.4426   0.03152  0.004435 0.0005739
     89/99     11.2G   0.03936  0.008315  0.001654   0.04933        23       256    0.8341    0.7802    0.8148    0.4433   0.03149   0.00443 0.0005723
     90/99     11.2G   0.03879  0.008117  0.001578   0.04849        27       256    0.8329    0.7815    0.8153    0.4433   0.03147  0.004425  0.000571
     91/99     11.2G   0.03911   0.00825  0.001738    0.0491        20       256    0.8273    0.7852    0.8156    0.4436   0.03144  0.004419 0.0005686
     92/99     11.2G   0.03847  0.008142  0.001341   0.04795        26       256    0.8365    0.7801    0.8163    0.4442   0.03141  0.004413  0.000567
     93/99     11.2G   0.03854  0.008146  0.001509   0.04819        42       256    0.8389    0.7801    0.8172    0.4445   0.03138  0.004408 0.0005642
     94/99     11.2G   0.03882  0.008108  0.001397   0.04833        23       256    0.8387    0.7803    0.8177    0.4452   0.03135  0.004401 0.0005614
     95/99     11.2G    0.0383  0.008191  0.001518   0.04801        24       256    0.8358    0.7839    0.8191    0.4458   0.03132  0.004396 0.0005591
     96/99     11.2G   0.03806  0.008011  0.001414   0.04749        47       256    0.8351    0.7859    0.8194    0.4462   0.03128   0.00439 0.0005577
     97/99     11.2G   0.03833  0.008141  0.001439   0.04791        22       256    0.8332    0.7874      0.82    0.4471   0.03125  0.004384 0.0005564
     98/99     11.2G    0.0382   0.00801  0.001375   0.04758        50       256    0.8326    0.7875    0.8195    0.4478   0.03123  0.004379 0.0005555
     99/99     11.2G   0.03833   0.00813  0.001574   0.04803        15       256    0.8323    0.7875    0.8199    0.4479    0.0312  0.004373 0.0005546
