# key lines
Ultralytics 8.4.30 🚀 Python-3.10.12 torch-2.10.0+cu128 CUDA:4 (NVIDIA GeForce RTX 3090, 24124MiB)
engine/trainer: agnostic_nms=False, amp=True, angle=1.0, augment=False, auto_augment=randaugment, batch=64, bgr=0.0, box=7.5, cache=False, cfg=None, classes=None, close_mosaic=10, cls=0.5, compile=False, conf=None, copy_paste=0.0, copy_paste_mode=flip, cos_lr=True, cutmix=0.0, data=/mnt/dataY/ydf/projects/LADD_og/configs/datasets/ogsod_hbb_sar.yaml, degrees=0.0, deterministic=True, device=4, dfl=1.5, dnn=False, dropout=0.0, dynamic=False, embed=None, end2end=None, epochs=400, erasing=0.0, exist_ok=False, fliplr=0.5, flipud=0.0, format=torchscript, fraction=1.0, freeze=None, half=False, hsv_h=0.0, hsv_s=0.0, hsv_v=0.0, imgsz=256, int8=False, iou=0.7, keras=False, kobj=1.0, line_width=None, lr0=0.01, lrf=0.01, mask_ratio=4, max_det=300, mixup=0.0, mode=train, model=yolo11s.pt, momentum=0.937, mosaic=1.0, multi_scale=0.0, name=transfer_cclkd_hbb_ogsod11s_cclkd_paperclosest_yolo11s_s0_rgb400_teacher_20260605_e400_b64_s0_gpu4, nbs=64, nms=False, opset=None, optimize=False, optimizer=SGD, overlap_mask=True, patience=400, perspective=0.0, plots=True, pose=12.0, pretrained=True, profile=False, project=/mnt/dataY/ydf/projects/LADD_og/runs_public/ogsod/hbb/cclkd_paper_protocol_20260605/yolo11s/cclkd, rect=False, resume=False, retina_masks=False, rle=1.0, save=True, save_conf=False, save_crop=False, save_dir=/mnt/dataY/ydf/projects/LADD_og/runs_public/ogsod/hbb/cclkd_paper_protocol_20260605/yolo11s/cclkd/transfer_cclkd_hbb_ogsod11s_cclkd_paperclosest_yolo11s_s0_rgb400_teacher_20260605_e400_b64_s0_gpu4, save_frames=False, save_json=False, save_period=50, save_txt=False, scale=0.5, seed=0, shear=0.0, show=False, show_boxes=True, show_conf=True, show_labels=True, simplify=True, single_cls=False, source=None, split=val, stream_buffer=False, strict_batch_size=False, task=detect, time=None, tracker=botsort.yaml, translate=0.1, val=True, verbose=True, vid_stride=1, visualize=False, warmup_bias_lr=0.1, warmup_epochs=3.0, warmup_momentum=0.8, weight_decay=0.0005, workers=8, workspace=None
Transferred 493/499 items from pretrained weights
Freezing layer 'model.23.dfl.conv.weight'
AMP: running Automatic Mixed Precision (AMP) checks...
AMP: checks passed ✅
optimizer: SGD(lr=0.01, momentum=0.937) with parameter groups 123 weight(decay=0.0), 163 weight(decay=0.0005), 162 bias(decay=0.0)
Plotting labels to /mnt/dataY/ydf/projects/LADD_og/runs_public/ogsod/hbb/cclkd_paper_protocol_20260605/yolo11s/cclkd/transfer_cclkd_hbb_ogsod11s_cclkd_paperclosest_yolo11s_s0_rgb400_teacher_20260605_e400_b64_s0_gpu4/labels.jpg... 
Manual TSKD-NRRL-teacher-u-aux phase 'b' configured with detect_mode='raw' and det_loss_scale=1.000
Logging results to /mnt/dataY/ydf/projects/LADD_og/runs_public/ogsod/hbb/cclkd_paper_protocol_20260605/yolo11s/cclkd/transfer_cclkd_hbb_ogsod11s_cclkd_paperclosest_yolo11s_s0_rgb400_teacher_20260605_e400_b64_s0_gpu4
Starting training for 400 epochs...
                   all       3667       9609      0.606      0.182       0.17     0.0659
                   all       3667       9609      0.233      0.161      0.106     0.0355
                   all       3667       9609      0.384     0.0727     0.0156    0.00462
                   all       3667       9609      0.431      0.085     0.0467     0.0126
                   all       3667       9609      0.199      0.182      0.105     0.0355
                   all       3667       9609      0.385      0.231      0.212       0.08
                   all       3667       9609      0.432      0.251      0.239     0.0899
                   all       3667       9609       0.29      0.194      0.162     0.0607
                   all       3667       9609      0.307       0.23      0.229     0.0898
                   all       3667       9609      0.395      0.257      0.256      0.104
                   all       3667       9609       0.36      0.261      0.247      0.104
                   all       3667       9609      0.399       0.32      0.285      0.122
                   all       3667       9609      0.421      0.338      0.312      0.137
                   all       3667       9609      0.536       0.29      0.305       0.13
                   all       3667       9609      0.433      0.351      0.326      0.137
                   all       3667       9609      0.406      0.302      0.302      0.133
                   all       3667       9609      0.477      0.352      0.348      0.154
                   all       3667       9609      0.429      0.345      0.329      0.151
                   all       3667       9609      0.446      0.381      0.356       0.16
                   all       3667       9609      0.528      0.362      0.375      0.169
                   all       3667       9609      0.446      0.373       0.36      0.165
                   all       3667       9609      0.437      0.384      0.359      0.161
                   all       3667       9609      0.445      0.373      0.357      0.158
                   all       3667       9609      0.508      0.393      0.395      0.186
                   all       3667       9609      0.537      0.368      0.398      0.189
                   all       3667       9609      0.489      0.415      0.407      0.193
                   all       3667       9609      0.509      0.408      0.415      0.196
                   all       3667       9609      0.491      0.425      0.419        0.2
                   all       3667       9609      0.508      0.427      0.417        0.2
                   all       3667       9609      0.524      0.443      0.441      0.213
                   all       3667       9609      0.494      0.428      0.422      0.204
                   all       3667       9609      0.497      0.438      0.428      0.206
                   all       3667       9609      0.503      0.451      0.442      0.219
                   all       3667       9609      0.538       0.45      0.453      0.222
                   all       3667       9609      0.525      0.461      0.458      0.224
                   all       3667       9609       0.54      0.458      0.457      0.226
                   all       3667       9609      0.529      0.469      0.464      0.233
                   all       3667       9609       0.53      0.469      0.469      0.235
                   all       3667       9609      0.553      0.468      0.476       0.24
                   all       3667       9609      0.551      0.476       0.48      0.242
                   all       3667       9609      0.558      0.486      0.488      0.246
                   all       3667       9609      0.563      0.476      0.484      0.249
                   all       3667       9609       0.57      0.482       0.49      0.253
                   all       3667       9609      0.577      0.482      0.491      0.255
                   all       3667       9609      0.556      0.494      0.495      0.257
                   all       3667       9609      0.558      0.501      0.502       0.26
                   all       3667       9609      0.572      0.504      0.506      0.262
                   all       3667       9609      0.581      0.504      0.509      0.267
                   all       3667       9609      0.595      0.508      0.515      0.272
                   all       3667       9609      0.595      0.503      0.515      0.273
                   all       3667       9609      0.585      0.514      0.516      0.276
                   all       3667       9609      0.592      0.517      0.523      0.279
                   all       3667       9609      0.595      0.517      0.525       0.28
                   all       3667       9609      0.595      0.526      0.532      0.284
                   all       3667       9609      0.602      0.527      0.533      0.286
                   all       3667       9609      0.607      0.534      0.539      0.289
                   all       3667       9609      0.602      0.536       0.54      0.289
                   all       3667       9609      0.598      0.541       0.54      0.289
                   all       3667       9609      0.606       0.54      0.544      0.292
                   all       3667       9609      0.602      0.543      0.545      0.296
                   all       3667       9609      0.601      0.545      0.547      0.295
                   all       3667       9609      0.605      0.546      0.549      0.297
                   all       3667       9609      0.603      0.548      0.551        0.3
                   all       3667       9609      0.611      0.544      0.552      0.301
                   all       3667       9609      0.614      0.543      0.552      0.302
                   all       3667       9609       0.62      0.544      0.554      0.303
                   all       3667       9609      0.617      0.546      0.555      0.304
                   all       3667       9609      0.625      0.545      0.558      0.305
                   all       3667       9609      0.632      0.544      0.559      0.306
                   all       3667       9609      0.625      0.548      0.559      0.307
                   all       3667       9609      0.627       0.55      0.561      0.309
                   all       3667       9609      0.623      0.552      0.562      0.311
                   all       3667       9609      0.624      0.552      0.564      0.312
                   all       3667       9609      0.627      0.552      0.565      0.313
                   all       3667       9609      0.623      0.554      0.565      0.314
                   all       3667       9609      0.624      0.553      0.566      0.314
                   all       3667       9609       0.63      0.552      0.567      0.315
                   all       3667       9609      0.627      0.555      0.568      0.316
                   all       3667       9609      0.627      0.556       0.57      0.317
                   all       3667       9609      0.629      0.558       0.57      0.318
                   all       3667       9609      0.631      0.559      0.571      0.319
                   all       3667       9609       0.63      0.561      0.571      0.319
                   all       3667       9609      0.632      0.561      0.572       0.32
                   all       3667       9609      0.635       0.56      0.572      0.321
                   all       3667       9609      0.633      0.562      0.573      0.322
                   all       3667       9609      0.634      0.562      0.574      0.323
                   all       3667       9609      0.634      0.563      0.575      0.324
                   all       3667       9609      0.635      0.563      0.575      0.324
                   all       3667       9609      0.637      0.564      0.577      0.325
                   all       3667       9609      0.638      0.564      0.577      0.325
                   all       3667       9609      0.639      0.565      0.579      0.326
                   all       3667       9609       0.64      0.566      0.579      0.327
                   all       3667       9609      0.642      0.567       0.58      0.327
                   all       3667       9609      0.639      0.568       0.58      0.328
                   all       3667       9609      0.637      0.569       0.58      0.328
                   all       3667       9609       0.64       0.57      0.582      0.328
                   all       3667       9609       0.64      0.571      0.582      0.329
                   all       3667       9609      0.638      0.572      0.583       0.33
                   all       3667       9609      0.641      0.572      0.584      0.331
                   all       3667       9609      0.641      0.574      0.585      0.332
                   all       3667       9609      0.644      0.573      0.586      0.333
                   all       3667       9609      0.647      0.573      0.587      0.333
                   all       3667       9609      0.648      0.572      0.587      0.333
                   all       3667       9609      0.647      0.574      0.588      0.333
                   all       3667       9609      0.651      0.573      0.589      0.334
                   all       3667       9609      0.647      0.576       0.59      0.335
                   all       3667       9609      0.653      0.575      0.591      0.336
                   all       3667       9609      0.651      0.575      0.591      0.336
                   all       3667       9609      0.654      0.575      0.592      0.337
                   all       3667       9609      0.647      0.579      0.593      0.337
                   all       3667       9609       0.65       0.58      0.594      0.338
                   all       3667       9609      0.651       0.58      0.593      0.338
                   all       3667       9609       0.65      0.581      0.593      0.338
                   all       3667       9609      0.649      0.581      0.594      0.339
                   all       3667       9609       0.65      0.581      0.595       0.34
                   all       3667       9609      0.652      0.582      0.596       0.34
                   all       3667       9609      0.652      0.582      0.596      0.341
                   all       3667       9609      0.655      0.581      0.596      0.341
                   all       3667       9609      0.655      0.582      0.597      0.342
                   all       3667       9609      0.658      0.582      0.598      0.343
                   all       3667       9609      0.662       0.58      0.598      0.344
                   all       3667       9609      0.663      0.581      0.599      0.344
                   all       3667       9609      0.661      0.583        0.6      0.345
                   all       3667       9609      0.662      0.583      0.602      0.345
                   all       3667       9609      0.664      0.584      0.602      0.346
                   all       3667       9609      0.666      0.584      0.603      0.346
                   all       3667       9609      0.666      0.585      0.604      0.347
                   all       3667       9609       0.67      0.584      0.605      0.348
                   all       3667       9609      0.667      0.587      0.605      0.348
                   all       3667       9609      0.669      0.588      0.607      0.349
                   all       3667       9609      0.669      0.589      0.606      0.349
                   all       3667       9609      0.669      0.589      0.607       0.35
                   all       3667       9609      0.673      0.588      0.608      0.351
                   all       3667       9609      0.672      0.588      0.608      0.352
                   all       3667       9609       0.67       0.59      0.609      0.352
                   all       3667       9609       0.67       0.59       0.61      0.353
                   all       3667       9609      0.672       0.59      0.609      0.353
                   all       3667       9609      0.672      0.591       0.61      0.354
                   all       3667       9609      0.669      0.594       0.61      0.354
                   all       3667       9609       0.67      0.595      0.611      0.355
                   all       3667       9609      0.673      0.594      0.612      0.356
                   all       3667       9609      0.672      0.595      0.613      0.356
                   all       3667       9609      0.673      0.595      0.613      0.356
                   all       3667       9609      0.671      0.595      0.613      0.357
                   all       3667       9609       0.67      0.598      0.614      0.357
                   all       3667       9609       0.67      0.598      0.615      0.358
                   all       3667       9609      0.674      0.598      0.616      0.359
                   all       3667       9609      0.672      0.601      0.617      0.359
                   all       3667       9609      0.671      0.602      0.617       0.36
                   all       3667       9609      0.673      0.601      0.618       0.36
                   all       3667       9609      0.673      0.602      0.618      0.361
                   all       3667       9609      0.673      0.601      0.618      0.362
                   all       3667       9609      0.673      0.603      0.619      0.363
                   all       3667       9609      0.674      0.604       0.62      0.364
                   all       3667       9609      0.674      0.604       0.62      0.364
                   all       3667       9609      0.675      0.605      0.621      0.366
                   all       3667       9609      0.679      0.604      0.622      0.366
                   all       3667       9609       0.68      0.605      0.623      0.366
                   all       3667       9609      0.682      0.607      0.623      0.367
                   all       3667       9609      0.684      0.608      0.625      0.368
                   all       3667       9609      0.683      0.608      0.625      0.368
                   all       3667       9609      0.684      0.608      0.626      0.369
                   all       3667       9609      0.683      0.609      0.627       0.37
                   all       3667       9609      0.687      0.608      0.628       0.37
                   all       3667       9609      0.686      0.609      0.628      0.371
                   all       3667       9609      0.689      0.609      0.629      0.372
                   all       3667       9609      0.689      0.609       0.63      0.372
                   all       3667       9609      0.694      0.609      0.631      0.373
                   all       3667       9609      0.693       0.61      0.632      0.373
                   all       3667       9609      0.694      0.609      0.633      0.374
                   all       3667       9609      0.689      0.613      0.634      0.375
                   all       3667       9609       0.69      0.612      0.634      0.376
                   all       3667       9609      0.692      0.613      0.635      0.377
                   all       3667       9609      0.693      0.613      0.636      0.377
                   all       3667       9609      0.695      0.613      0.637      0.378
                   all       3667       9609        0.7      0.613      0.638      0.379
                   all       3667       9609      0.701      0.613      0.639       0.38
                   all       3667       9609        0.7      0.615      0.639       0.38
                   all       3667       9609      0.701      0.615       0.64      0.381
                   all       3667       9609      0.702      0.617      0.641      0.382
                   all       3667       9609      0.704      0.618      0.642      0.383
                   all       3667       9609      0.706      0.618      0.643      0.383
                   all       3667       9609      0.705      0.619      0.643      0.383
                   all       3667       9609      0.706      0.619      0.644      0.384
                   all       3667       9609      0.707      0.619      0.644      0.385
                   all       3667       9609      0.707       0.62      0.645      0.386
                   all       3667       9609      0.706      0.621      0.646      0.386
                   all       3667       9609      0.705      0.622      0.646      0.387
                   all       3667       9609      0.707      0.621      0.647      0.388
                   all       3667       9609      0.706      0.623      0.648      0.389
                   all       3667       9609      0.708      0.624      0.649      0.389
                   all       3667       9609      0.708      0.625       0.65       0.39
                   all       3667       9609      0.708      0.626      0.652      0.391
                   all       3667       9609      0.711      0.626      0.653      0.392
                   all       3667       9609       0.71      0.627      0.654      0.392
                   all       3667       9609      0.711      0.627      0.653      0.392
                   all       3667       9609      0.714      0.628      0.655      0.393
                   all       3667       9609      0.715      0.628      0.656      0.394
                   all       3667       9609      0.715      0.629      0.656      0.395
                   all       3667       9609      0.715      0.629      0.657      0.395
                   all       3667       9609      0.719       0.63      0.658      0.395
                   all       3667       9609      0.719      0.631      0.657      0.396
                   all       3667       9609       0.72      0.631      0.659      0.397
                   all       3667       9609      0.721      0.631      0.659      0.398
                   all       3667       9609      0.719      0.633      0.659      0.398
                   all       3667       9609      0.716      0.633      0.659      0.399
                   all       3667       9609      0.718      0.635      0.661        0.4
                   all       3667       9609      0.721      0.636      0.662        0.4
                   all       3667       9609      0.723      0.636      0.663      0.401
                   all       3667       9609      0.723      0.637      0.664      0.402
                   all       3667       9609      0.724      0.638      0.664      0.402
                   all       3667       9609      0.725      0.639      0.665      0.403
                   all       3667       9609      0.727      0.638      0.666      0.404
                   all       3667       9609      0.729      0.638      0.667      0.404
                   all       3667       9609      0.728      0.639      0.667      0.405
                   all       3667       9609      0.729      0.639      0.669      0.406
                   all       3667       9609      0.728      0.639      0.669      0.406
                   all       3667       9609      0.731      0.638      0.669      0.407
                   all       3667       9609      0.732      0.639      0.671      0.408
                   all       3667       9609      0.732       0.64      0.672      0.408
                   all       3667       9609      0.734       0.64      0.673      0.408
                   all       3667       9609      0.734       0.64      0.673      0.409
                   all       3667       9609      0.734      0.642      0.674      0.409
                   all       3667       9609      0.736      0.642      0.675       0.41
                   all       3667       9609      0.737      0.642      0.676      0.411
                   all       3667       9609      0.738      0.643      0.677      0.412
                   all       3667       9609      0.739      0.642      0.677      0.412
                   all       3667       9609      0.742      0.641      0.677      0.412
                   all       3667       9609       0.74      0.643      0.678      0.412
                   all       3667       9609      0.739      0.645      0.678      0.413
                   all       3667       9609      0.738      0.645      0.678      0.414
                   all       3667       9609      0.739      0.646      0.679      0.414
                   all       3667       9609      0.738      0.646      0.679      0.415
                   all       3667       9609       0.74      0.646       0.68      0.415
                   all       3667       9609      0.745      0.645       0.68      0.416
                   all       3667       9609       0.74      0.648      0.681      0.417
                   all       3667       9609      0.738      0.649      0.681      0.417
                   all       3667       9609      0.743      0.649      0.682      0.418
                   all       3667       9609       0.74      0.649      0.683      0.419
                   all       3667       9609      0.741       0.65      0.683       0.42
                   all       3667       9609      0.744       0.65      0.684       0.42
                   all       3667       9609      0.742       0.65      0.684      0.421
                   all       3667       9609      0.743       0.65      0.685      0.421
                   all       3667       9609      0.748       0.65      0.687      0.422
                   all       3667       9609      0.749      0.651      0.688      0.422
                   all       3667       9609       0.75       0.65      0.688      0.423
                   all       3667       9609      0.748      0.652      0.689      0.424
                   all       3667       9609      0.747      0.654      0.691      0.424
                   all       3667       9609       0.75      0.653      0.691      0.425
                   all       3667       9609      0.751      0.653      0.692      0.426
                   all       3667       9609      0.753      0.653      0.692      0.426
                   all       3667       9609      0.753      0.654      0.692      0.426
                   all       3667       9609      0.751      0.655      0.692      0.426
                   all       3667       9609      0.752      0.655      0.693      0.428
                   all       3667       9609      0.751      0.656      0.693      0.427
                   all       3667       9609      0.751      0.657      0.694      0.428
                   all       3667       9609       0.75      0.657      0.693      0.428
                   all       3667       9609       0.75      0.658      0.694      0.429
                   all       3667       9609      0.749      0.659      0.694      0.429
                   all       3667       9609      0.751      0.658      0.695       0.43
                   all       3667       9609      0.753      0.661      0.697       0.43
                   all       3667       9609      0.748      0.663      0.697       0.43
                   all       3667       9609      0.748      0.664      0.697      0.431
                   all       3667       9609      0.752      0.665      0.699      0.432
                   all       3667       9609      0.755      0.663      0.699      0.432
                   all       3667       9609      0.753      0.665      0.699      0.433
                   all       3667       9609      0.753      0.667      0.699      0.433
                   all       3667       9609      0.753      0.667        0.7      0.434
                   all       3667       9609      0.755      0.667      0.701      0.435
                   all       3667       9609      0.757      0.667      0.701      0.435
                   all       3667       9609      0.757      0.667      0.702      0.436
                   all       3667       9609      0.756      0.668      0.703      0.436
                   all       3667       9609       0.76      0.666      0.702      0.437
                   all       3667       9609       0.76      0.667      0.704      0.437
                   all       3667       9609      0.761      0.666      0.705      0.438
                   all       3667       9609      0.756       0.67      0.705      0.438
                   all       3667       9609      0.757       0.67      0.705      0.439
                   all       3667       9609      0.754      0.673      0.707      0.439
                   all       3667       9609      0.755      0.674      0.708       0.44
                   all       3667       9609      0.757      0.674      0.708       0.44
                   all       3667       9609      0.757      0.674      0.709      0.441
                   all       3667       9609      0.755      0.675       0.71      0.441
                   all       3667       9609      0.755      0.675       0.71      0.442
                   all       3667       9609      0.753      0.678       0.71      0.442
                   all       3667       9609      0.754      0.677      0.711      0.443
                   all       3667       9609      0.756      0.676      0.711      0.443
                   all       3667       9609      0.759      0.677      0.713      0.444
                   all       3667       9609      0.763      0.677      0.713      0.445
                   all       3667       9609      0.761      0.677      0.713      0.445
                   all       3667       9609      0.764      0.676      0.714      0.446
                   all       3667       9609      0.766      0.677      0.715      0.446
                   all       3667       9609      0.764      0.679      0.716      0.447
                   all       3667       9609      0.765      0.679      0.717      0.448
                   all       3667       9609      0.769      0.678      0.717      0.449
                   all       3667       9609      0.767       0.68      0.718      0.449
                   all       3667       9609       0.77       0.68      0.718      0.449
                   all       3667       9609      0.774       0.68      0.719       0.45
                   all       3667       9609      0.774       0.68       0.72      0.451
                   all       3667       9609      0.774      0.681       0.72      0.451
                   all       3667       9609      0.774      0.682       0.72      0.452
                   all       3667       9609      0.774      0.683      0.721      0.452
                   all       3667       9609      0.774      0.683      0.721      0.453
                   all       3667       9609      0.775      0.682      0.722      0.454
                   all       3667       9609      0.775      0.683      0.724      0.455
                   all       3667       9609      0.775      0.684      0.724      0.455
                   all       3667       9609      0.775      0.684      0.724      0.455
                   all       3667       9609      0.776      0.683      0.724      0.456
                   all       3667       9609      0.775      0.684      0.724      0.456
                   all       3667       9609      0.774      0.685      0.725      0.456
                   all       3667       9609      0.774      0.686      0.726      0.457
                   all       3667       9609      0.773      0.688      0.727      0.457
                   all       3667       9609      0.775      0.688      0.728      0.458
                   all       3667       9609      0.774       0.69      0.729      0.458
                   all       3667       9609      0.772       0.69      0.729      0.458
                   all       3667       9609      0.773      0.691       0.73      0.459
                   all       3667       9609      0.775      0.691       0.73      0.459
                   all       3667       9609      0.776      0.691       0.73       0.46
                   all       3667       9609      0.776      0.692       0.73       0.46
                   all       3667       9609      0.777      0.693      0.732      0.461
                   all       3667       9609      0.777      0.693      0.732      0.461
                   all       3667       9609      0.777      0.694      0.733      0.462
                   all       3667       9609      0.779      0.694      0.733      0.462
                   all       3667       9609      0.779      0.694      0.733      0.463
                   all       3667       9609       0.78      0.694      0.734      0.463
                   all       3667       9609      0.781      0.696      0.735      0.463
                   all       3667       9609      0.783      0.696      0.735      0.464
                   all       3667       9609      0.783      0.696      0.736      0.464
                   all       3667       9609      0.783      0.696      0.736      0.464
                   all       3667       9609      0.783      0.696      0.737      0.465
                   all       3667       9609      0.783      0.696      0.738      0.465
                   all       3667       9609      0.784      0.696      0.738      0.466
                   all       3667       9609      0.786      0.698      0.739      0.467
                   all       3667       9609      0.784      0.699      0.739      0.467
                   all       3667       9609      0.784      0.699      0.739      0.467
                   all       3667       9609      0.784        0.7       0.74      0.468
                   all       3667       9609      0.784      0.701      0.741      0.469
                   all       3667       9609      0.786      0.701      0.741      0.469
                   all       3667       9609      0.787      0.702      0.742      0.469
                   all       3667       9609      0.787      0.703      0.743       0.47
                   all       3667       9609      0.787      0.704      0.744      0.471
                   all       3667       9609      0.787      0.704      0.744      0.471
                   all       3667       9609      0.788      0.704      0.744      0.472
                   all       3667       9609      0.787      0.705      0.744      0.472
                   all       3667       9609      0.788      0.706      0.746      0.472
                   all       3667       9609       0.79      0.706      0.746      0.473
                   all       3667       9609      0.792      0.706      0.746      0.474
                   all       3667       9609      0.792      0.707      0.746      0.474
                   all       3667       9609      0.792      0.708      0.746      0.474
                   all       3667       9609      0.793      0.708      0.747      0.474
                   all       3667       9609      0.796      0.708      0.748      0.475
                   all       3667       9609      0.795      0.708      0.749      0.475
                   all       3667       9609      0.795      0.709      0.748      0.475
                   all       3667       9609      0.794      0.709      0.749      0.476
                   all       3667       9609      0.794      0.709      0.749      0.476
                   all       3667       9609      0.796       0.71      0.749      0.476
                   all       3667       9609      0.798      0.709       0.75      0.476
                   all       3667       9609      0.799      0.709      0.751      0.477
                   all       3667       9609      0.799       0.71      0.751      0.477
                   all       3667       9609      0.798      0.711      0.751      0.477
                   all       3667       9609        0.8      0.711      0.752      0.478
                   all       3667       9609      0.799      0.712      0.752      0.478
                   all       3667       9609        0.8      0.712      0.753      0.479
                   all       3667       9609        0.8      0.711      0.752      0.478
                   all       3667       9609      0.799      0.712      0.752      0.478
                   all       3667       9609      0.799      0.713      0.752      0.478
                   all       3667       9609        0.8      0.713      0.754      0.479
                   all       3667       9609      0.801      0.713      0.753      0.479
                   all       3667       9609      0.803      0.713      0.755       0.48
                   all       3667       9609      0.802      0.714      0.755      0.479
                   all       3667       9609        0.8      0.715      0.755       0.48
                   all       3667       9609      0.804      0.715      0.755       0.48
                   all       3667       9609      0.807      0.713      0.755       0.48
                   all       3667       9609      0.807      0.714      0.756       0.48
                   all       3667       9609      0.806      0.714      0.757      0.481
                   all       3667       9609      0.803      0.716      0.757      0.481
                   all       3667       9609      0.798      0.718      0.757      0.481
                   all       3667       9609        0.8      0.717      0.757      0.481
                   all       3667       9609        0.8      0.717      0.758      0.481
                   all       3667       9609      0.802      0.717      0.758      0.481
                   all       3667       9609      0.803      0.718      0.759      0.481
                   all       3667       9609      0.805      0.716      0.758      0.481
                   all       3667       9609      0.805      0.717      0.759      0.481
                   all       3667       9609      0.805      0.717      0.759      0.481
                   all       3667       9609      0.804      0.718      0.759      0.481
                   all       3667       9609      0.804      0.718      0.759      0.481
                   all       3667       9609      0.803      0.719      0.758      0.481
                   all       3667       9609      0.806      0.717      0.759      0.482
                   all       3667       9609      0.806      0.718       0.76      0.482
                   all       3667       9609      0.806       0.72      0.761      0.482
