   0.09548   0.01194   0.01844    0.1259    0.1187         0  0.002162    0.5425     0.181    0.1206   0.03286   0.07965  0.008345  0.006165  0.009992  0.009992  0.009992
   0.07636   0.01193  0.008431   0.09672   0.08224         0  0.001325    0.4807    0.1908    0.1718   0.05469   0.07239  0.007581   0.01071  0.009968  0.009968  0.009968
   0.07354   0.01168  0.007894   0.09312   0.07775         0  0.001151    0.3943    0.1734    0.1178   0.03428   0.07368  0.008887   0.01143  0.009929  0.009929  0.009929
   0.07401   0.01172  0.007831   0.09357   0.07732         0  0.001128    0.4611     0.192    0.1225   0.03617   0.07761    0.0087   0.01298  0.009874  0.009874  0.009874
    0.0799   0.01219   0.01208    0.1042   0.08135         0  0.001132    0.7578   0.06542   0.04543   0.01225   0.08359  0.009181   0.01264  0.009804  0.009804  0.009804
   0.07927    0.0123   0.01185    0.1034     0.093         0  0.000993  0.001778   0.03698 0.0001206 2.445e-05     0.124    0.1348    0.0189  0.009719  0.009719  0.009719
   0.08525   0.01263   0.01601    0.1139   0.08955         0 0.0009642    0.3558   0.09916  0.005573  0.001337   0.09281   0.05287   0.02615  0.009619  0.009619  0.009619
   0.08714   0.01247   0.01765    0.1173    0.0812         0 0.0009595    0.5749    0.1434    0.1118   0.03419   0.08104  0.007952    0.0134  0.009505  0.009505  0.009505
   0.08247   0.01257   0.01407    0.1091   0.08044         0 0.0009234    0.6023    0.1743    0.1323   0.04019   0.07855  0.007964    0.0107  0.009377  0.009377  0.009377
   0.07973   0.01227    0.0118    0.1038   0.07698         0 0.0008975    0.5867    0.1973    0.1581   0.05615   0.07367  0.007777  0.006199  0.009236  0.009236  0.009236
   0.07767   0.01215   0.01094    0.1008   0.07415         0 0.0008814     0.651    0.1992    0.1727   0.06189   0.07225   0.00778  0.007374  0.009082  0.009082  0.009082
   0.07658   0.01211   0.01054   0.09923   0.07144         0 0.0008791    0.6277    0.1846    0.1536   0.05129    0.0739  0.007874      0.01  0.008916  0.008916  0.008916
   0.07612   0.01213  0.009883   0.09813   0.07197         0 0.0008574    0.6468    0.2011    0.1785   0.05986   0.07129  0.007777  0.007408  0.008738  0.008738  0.008738
    0.0756   0.01219  0.009929   0.09771   0.07777         0 0.0008448    0.6393    0.2034     0.174   0.06194     0.069  0.007985  0.007377   0.00855   0.00855   0.00855
   0.07471   0.01215  0.009096   0.09596   0.09359         0 0.0008598    0.6328    0.2128    0.1742   0.06266   0.07046  0.007765  0.006822  0.008351  0.008351  0.008351
   0.07444   0.01203  0.008531     0.095   0.09135         0 0.0009026    0.6545     0.233       0.2   0.07309   0.06797  0.007378    0.0051  0.008143  0.008143  0.008143
   0.07343   0.01193  0.008042    0.0934    0.0893         0 0.0008756    0.6812    0.2369    0.2182   0.08274   0.06717  0.007528  0.005777  0.007927  0.007927  0.007927
   0.07242   0.01205  0.007995   0.09247   0.08802         0 0.0008773    0.6964    0.2301    0.2323   0.09215   0.06642  0.007587  0.005608  0.007703  0.007703  0.007703
