   0.09472   0.01197   0.01817    0.1249     0.119         0 0.0001951    0.5526    0.1827    0.1292   0.03697    0.0775   0.00803  0.007086      0.01      0.01      0.01
   0.07592   0.01189  0.008035   0.09585   0.08216         0 0.0002459    0.3952    0.2176    0.1674   0.04721   0.07263  0.007447  0.005776      0.01      0.01      0.01
   0.07381   0.01167  0.008087   0.09357   0.07784         0 0.0003048    0.4785    0.2086    0.1793   0.05595   0.07101  0.008267   0.01292  0.009999  0.009999  0.009999
   0.07915   0.01226    0.0121    0.1035   0.07783         0 0.0003159    0.4497   0.07037   0.03894   0.01006   0.08387  0.008704   0.01445  0.009998  0.009998  0.009998
   0.08089   0.01227   0.01308    0.1062   0.08101         0 0.0002847    0.6205    0.1991    0.1621   0.05102   0.07605  0.008207   0.01414  0.009997  0.009997  0.009997
   0.08235   0.01244   0.01465    0.1094   0.07634         0 0.0002989 0.0001554   0.02483 7.553e-06  1.25e-06    0.1249       nan   0.05048  0.009996  0.009996  0.009996
   0.08289   0.01265   0.01412    0.1097   0.07294         0 0.0003242    0.6053    0.1598    0.1271   0.03475   0.07804  0.008414   0.01074  0.009994  0.009994  0.009994
   0.07914   0.01228   0.01211    0.1035   0.07145         0 0.0003204    0.4619    0.1081    0.0629   0.01676   0.08074  0.007904    0.0128  0.009992  0.009992  0.009992
   0.07752   0.01241   0.01051    0.1004   0.06951         0 0.0003112    0.5605    0.1695    0.1201   0.03439   0.07421  0.007933  0.008064   0.00999   0.00999   0.00999
    0.0762   0.01213  0.009668   0.09801   0.06815         0  0.000304     0.652    0.2208    0.1905   0.06898   0.07042  0.007742  0.005889  0.009988  0.009988  0.009988
   0.07483   0.01203  0.009148     0.096   0.06677         0 0.0003096    0.6745    0.2153     0.206   0.07724   0.06945  0.007454  0.006413  0.009985  0.009985  0.009985
   0.07421   0.01203  0.008619   0.09486    0.0655         0 0.0003216    0.6432    0.2179    0.1693   0.06055   0.07104  0.007574   0.00764  0.009982  0.009982  0.009982
   0.07449   0.01215    0.0087   0.09534   0.09001         0 0.0002462     0.646    0.2099    0.1879   0.06336   0.07064   0.00764  0.008061  0.009979  0.009979  0.009979
   0.07374   0.01216  0.008794    0.0947    0.1087         0 0.0001676    0.6801    0.2271    0.2079   0.07863   0.06754  0.007575  0.005767  0.009976  0.009976  0.009976
   0.07282   0.01212  0.007997   0.09294    0.0985         0 0.0001906    0.6712      0.23    0.2085    0.0756   0.06719  0.007546  0.005019  0.009972  0.009972  0.009972
   0.07284   0.01199  0.007806   0.09264   0.09397         0 0.0002028     0.432    0.2567    0.2299   0.08603   0.06656  0.007324  0.005152  0.009968  0.009968  0.009968
   0.07242   0.01197  0.007936   0.09233   0.09073         0 0.0002175    0.2699    0.2038      0.16   0.05467   0.06797  0.007891  0.007927  0.009964  0.009964  0.009964
   0.07155   0.01208  0.007853   0.09148   0.08697         0 0.0002267    0.4172    0.2087     0.195   0.06815   0.06684   0.00756  0.006264   0.00996   0.00996   0.00996
   0.07186   0.01208  0.007661   0.09159   0.08498         0 0.0002402    0.4128    0.2393    0.2348   0.09518   0.06529  0.007277  0.005142  0.009956  0.009956  0.009956
   0.07217   0.01192  0.008531   0.09262   0.09157         0 0.0002229    0.3877     0.244    0.2343   0.09383   0.06597  0.007508  0.006422  0.009951  0.009951  0.009951
   0.07136   0.01207  0.007604   0.09104    0.1006         0 0.0001852    0.4249    0.2627    0.2571    0.1043   0.06449  0.007346  0.005231  0.009946  0.009946  0.009946
   0.07043    0.0119  0.006821   0.08915   0.09004         0 0.0002106     0.473    0.2591    0.2688    0.1104   0.06277  0.007309  0.004077   0.00994   0.00994   0.00994
   0.06988   0.01185  0.006457   0.08818   0.08595         0 0.0002297      0.45    0.2562    0.2605     0.104   0.06325  0.007105    0.0036  0.009935  0.009935  0.009935
   0.06949   0.01182  0.006828   0.08814   0.08439         0   0.00024    0.4193    0.2646    0.2646    0.1082   0.06252  0.007309  0.004379  0.009929  0.009929  0.009929
   0.06948   0.01202  0.006989   0.08849   0.08364         0 0.0002332    0.4765    0.2682    0.2469    0.1011   0.06342  0.007407  0.003748  0.009923  0.009923  0.009923
   0.06993   0.01184  0.006806   0.08857   0.08243         0 0.0002373    0.4538    0.2721    0.2791    0.1208   0.06177  0.007209  0.003154  0.009917  0.009917  0.009917
   0.06955   0.01193  0.006756   0.08824   0.08217         0 0.0002449    0.4373    0.2789    0.2778    0.1183   0.06124  0.007134  0.003165   0.00991   0.00991   0.00991
   0.06888   0.01168  0.006374   0.08693   0.08163         0 0.0002432    0.4736    0.2689    0.2685    0.1122   0.06075  0.007148  0.003376  0.009904  0.009904  0.009904
   0.06833   0.01177  0.006247   0.08635   0.08037         0 0.0002515    0.4535    0.2745      0.28    0.1235   0.06048  0.007077  0.003341  0.009897  0.009897  0.009897
   0.06807   0.01183  0.006265   0.08616   0.07909         0 0.0002542    0.5097    0.2883    0.2991    0.1311   0.05998  0.006963  0.002697  0.009889  0.009889  0.009889
   0.06822   0.01167  0.006235   0.08612   0.07924         0 0.0002529    0.4476    0.2933     0.284    0.1197   0.05979  0.007084  0.002924  0.009882  0.009882  0.009882
   0.06825   0.01185  0.006359   0.08646   0.07915         0 0.0002531    0.4128    0.3109    0.3029    0.1339    0.0589  0.007004  0.002798  0.009874  0.009874  0.009874
   0.06767   0.01164  0.005913   0.08522   0.07826         0 0.0002552     0.451    0.3068       0.3    0.1274   0.05901  0.007043  0.002483  0.009866  0.009866  0.009866
   0.06723   0.01166   0.00589   0.08479   0.07791         0 0.0002518    0.5077    0.2981     0.316    0.1367   0.05864  0.006967  0.002885  0.009858  0.009858  0.009858
   0.06906    0.0117  0.007154   0.08791   0.07817         0 0.0002519    0.4611    0.3005    0.3068    0.1368   0.05945  0.007064  0.002941   0.00985   0.00985   0.00985
   0.06771   0.01173  0.006321   0.08577   0.07735         0 0.0002567    0.5165     0.295    0.3217    0.1442   0.05832  0.006985  0.002401  0.009841  0.009841  0.009841
    0.0676   0.01166  0.005945    0.0852   0.07673         0 0.0002596    0.4878    0.2964    0.3129    0.1394   0.05813  0.006963  0.002428  0.009832  0.009832  0.009832
   0.06731   0.01171  0.006004   0.08503   0.07658         0 0.0002653    0.4786    0.3094    0.3205     0.145   0.05767  0.006908  0.002302  0.009823  0.009823  0.009823
   0.06679   0.01161  0.005724   0.08413   0.07621         0 0.0002572    0.5029    0.3277    0.3311    0.1495   0.05718  0.006904  0.002272  0.009814  0.009814  0.009814
   0.06645   0.01177  0.005675   0.08389   0.07601         0 0.0002652    0.5029    0.3263    0.3359    0.1531    0.0567  0.006883  0.002287  0.009804  0.009804  0.009804
   0.06589   0.01159  0.005831   0.08331   0.07497         0 0.0002739    0.4859    0.3402    0.3387     0.156   0.05688  0.006842  0.002177  0.009794  0.009794  0.009794
   0.06601   0.01175  0.005376   0.08314   0.07465         0 0.0002752    0.4945    0.3408    0.3435    0.1589   0.05641   0.00684   0.00231  0.009784  0.009784  0.009784
   0.06574   0.01158   0.00538    0.0827   0.07429         0 0.0002716    0.4933    0.3357    0.3419    0.1581   0.05636  0.006847  0.002229  0.009774  0.009774  0.009774
   0.06675   0.01163  0.005751   0.08413   0.07565         0 0.0002683    0.4583    0.3551    0.3446    0.1584   0.05636  0.006807  0.002294  0.009764  0.009764  0.009764
   0.06587   0.01169   0.00523    0.0828   0.07483         0 0.0002729     0.485    0.3544    0.3486    0.1629   0.05609  0.006833  0.002129  0.009753  0.009753  0.009753
   0.06556   0.01154  0.005385   0.08248   0.07367         0 0.0002762    0.4908    0.3493    0.3491    0.1629   0.05581  0.006799  0.002029  0.009742  0.009742  0.009742
   0.06569    0.0117  0.005219    0.0826   0.07383         0 0.0002716    0.4822    0.3441    0.3502    0.1647   0.05561  0.006758  0.001929  0.009731  0.009731  0.009731
   0.06555   0.01157   0.00545   0.08258   0.07376         0 0.0002813    0.4753    0.3505    0.3503    0.1624   0.05561  0.006769  0.002038  0.009719  0.009719  0.009719
   0.06491   0.01141  0.005151   0.08148   0.07249         0 0.0002752    0.5442    0.3347    0.3574     0.166   0.05522  0.006729  0.002117  0.009707  0.009707  0.009707
    0.0653    0.0115  0.004933   0.08174   0.07265         0  0.000272    0.4759    0.3734     0.363    0.1694   0.05499  0.006728  0.002057  0.009696  0.009696  0.009696
    0.0664   0.01165  0.006717   0.08477   0.07187         0 0.0002879    0.5167    0.3081    0.3262    0.1532   0.05753  0.007054  0.003722  0.009683  0.009683  0.009683
    0.0667   0.01187  0.006329    0.0849   0.07305         0  0.000288    0.4953    0.3189    0.3227    0.1548   0.05702  0.006962  0.003805  0.009671  0.009671  0.009671
   0.06586   0.01147  0.005599   0.08293   0.07203         0 0.0002704     0.502    0.3156    0.3328    0.1588   0.05675  0.006922  0.003726  0.009658  0.009658  0.009658
   0.06502   0.01157  0.005177   0.08177   0.07171         0 0.0002769     0.481     0.348    0.3479    0.1672   0.05583  0.006809  0.002923  0.009646  0.009646  0.009646
   0.06557   0.01151  0.005529    0.0826   0.07171         0 0.0002836    0.4865    0.3629    0.3575    0.1717   0.05515  0.006756  0.002417  0.009633  0.009633  0.009633
   0.06506    0.0116  0.005174   0.08184   0.07175         0 0.0002778    0.5139    0.3556    0.3635    0.1744   0.05487  0.006714  0.002162  0.009619  0.009619  0.009619
   0.06517   0.01153  0.005229   0.08193   0.07146         0 0.0002748    0.5209    0.3587    0.3669    0.1761   0.05457  0.006688  0.001984  0.009606  0.009606  0.009606
   0.06462   0.01158  0.005265   0.08147   0.07114         0 0.0002777    0.5367    0.3539    0.3686    0.1777   0.05429  0.006671  0.001948  0.009592  0.009592  0.009592
   0.06414   0.01141  0.004825   0.08037   0.07055         0 0.0002803    0.5149    0.3692    0.3742      0.18   0.05398  0.006653  0.001852  0.009578  0.009578  0.009578
   0.06424   0.01168  0.004909   0.08082   0.07181         0 0.0002803    0.4706    0.3981    0.3781     0.181   0.05375   0.00664  0.001801  0.009564  0.009564  0.009564
   0.06381   0.01135  0.004737   0.07989   0.06963         0 0.0002851    0.4897    0.3966    0.3827    0.1849    0.0535  0.006619  0.001734   0.00955   0.00955   0.00955
