   0.09506   0.01196   0.01812    0.1251    0.1189         0  0.004429    0.5543    0.1877    0.1319   0.03336   0.07751  0.008413  0.008326  0.009992  0.009992  0.009992
   0.07634   0.01188  0.008425   0.09665   0.08191         0  0.002941    0.4511    0.2358    0.1847   0.05982   0.07227  0.007665  0.005405  0.009968  0.009968  0.009968
   0.07364   0.01165  0.007923   0.09321   0.07902         0  0.002829    0.5867    0.1805    0.1291   0.03793   0.07456  0.007908     0.011  0.009929  0.009929  0.009929
   0.07361   0.01172  0.007569    0.0929   0.07727         0   0.00263    0.5939    0.1584    0.1185   0.03561   0.07692  0.008851    0.0457  0.009874  0.009874  0.009874
   0.07644   0.01183  0.009674   0.09794   0.07967         0    0.0026    0.6311    0.2054    0.1833   0.05923   0.07425  0.007507  0.009748  0.009804  0.009804  0.009804
    0.0739   0.01178  0.007819   0.09351     0.084         0  0.002386    0.5871    0.1713    0.1468   0.05124   0.07987  0.007936  0.009423  0.009719  0.009719  0.009719
   0.07683   0.01233   0.01077   0.09993   0.09529         0  0.002332    0.4392   0.09615   0.03557   0.01173   0.09283   0.00982   0.01204  0.009619  0.009619  0.009619
   0.08585   0.01253   0.01792    0.1163   0.08351         0  0.002299    0.3645    0.0598  0.009901  0.002206   0.09011  0.009107   0.05296  0.009505  0.009505  0.009505
   0.08403   0.01271   0.01546    0.1122   0.07852         0   0.00217     0.578     0.165    0.1283   0.03923   0.07672  0.007736  0.008029  0.009377  0.009377  0.009377
   0.08009   0.01236    0.0124    0.1049   0.07535         0  0.002125    0.6331    0.1796    0.1545   0.05472   0.07638  0.007883   0.01113  0.009236  0.009236  0.009236
   0.07795   0.01224   0.01117    0.1014   0.07298         0  0.002111    0.6711    0.2056    0.1925   0.07124   0.07121  0.007579  0.007605  0.009082  0.009082  0.009082
   0.07659   0.01219   0.01045   0.09923   0.07141         0  0.002077    0.6075    0.2184    0.1737   0.06426   0.07108  0.007799  0.008213  0.008916  0.008916  0.008916
   0.07606   0.01223   0.00964   0.09794   0.06945         0  0.002026    0.6586     0.214    0.1829   0.06343   0.07045  0.007685  0.008912  0.008738  0.008738  0.008738
   0.07605   0.01233   0.01052   0.09889   0.06867         0  0.002029    0.6672    0.1962    0.1808   0.06645   0.07148  0.007873   0.01119   0.00855   0.00855   0.00855
   0.07556   0.01229   0.01019   0.09805   0.06781         0   0.00194    0.6865    0.2101    0.2002   0.07538   0.06926  0.007769  0.007665  0.008351  0.008351  0.008351
   0.07471   0.01212  0.008856   0.09569   0.06679         0  0.001927    0.4406    0.2364    0.2038   0.07829    0.0674  0.007425  0.004786  0.008143  0.008143  0.008143
