   0.09256   0.01203   0.01691    0.1215    0.1122         0  0.003266    0.5174    0.1919    0.1226   0.02926   0.08434  0.007398  0.004712      0.01      0.01      0.01
   0.07676    0.0119  0.008731   0.09738     0.082         0  0.002058       0.4    0.2372    0.1975   0.05807   0.07369  0.007421  0.005467      0.01      0.01      0.01
   0.08356   0.01223   0.01422      0.11   0.08345         0  0.002011    0.5243    0.1702     0.105   0.02552   0.08658  0.008114   0.01311  0.009999  0.009999  0.009999
   0.08567   0.01246   0.01512    0.1133   0.08408         0  0.001738    0.5335    0.2101    0.1322   0.03797   0.07691  0.007723  0.008582  0.009998  0.009998  0.009998
   0.07995   0.01212   0.01146    0.1035   0.07875         0   0.00154    0.6472    0.1814    0.1618   0.05271   0.07341  0.007482  0.008912  0.009997  0.009997  0.009997
   0.07844   0.01206   0.01056    0.1011   0.07717         0  0.001525    0.6595    0.2249    0.1984   0.06552   0.07142  0.007502  0.005881  0.009996  0.009996  0.009996
   0.07739    0.0122   0.01045       0.1   0.07425         0  0.001571    0.6466    0.1986    0.1676   0.05223    0.0709  0.007503  0.006384  0.009994  0.009994  0.009994
   0.07719   0.01202   0.01051   0.09972   0.07169         0  0.001603    0.6433    0.1992    0.1684   0.05585   0.07223  0.007604  0.007525  0.009992  0.009992  0.009992
   0.07695   0.01225  0.009902    0.0991   0.07144         0  0.001543    0.6065    0.1891    0.1582   0.04978   0.07174  0.007711  0.006676   0.00999   0.00999   0.00999
   0.07557   0.01193  0.009299    0.0968   0.07007         0  0.001486    0.6556    0.2249    0.1904   0.06666   0.06881  0.007522  0.006856  0.009988  0.009988  0.009988
   0.07614   0.01204   0.01016   0.09834   0.06892         0  0.001489    0.6922    0.2183    0.2089   0.07912   0.06865  0.007466   0.01243  0.009985  0.009985  0.009985
   0.08126   0.01229   0.01399    0.1075   0.06811         0  0.001564    0.6498    0.1751     0.155   0.05401   0.07352  0.007768  0.008196  0.009982  0.009982  0.009982
   0.07927   0.01234    0.0119    0.1035   0.06707         0  0.001459    0.6632    0.2094    0.1918   0.07168   0.07086  0.007577  0.007014  0.009979  0.009979  0.009979
   0.07735   0.01224   0.01085    0.1004     0.068         0   0.00144    0.6655    0.2162    0.1895   0.06925    0.0688   0.00749  0.006682  0.009976  0.009976  0.009976
   0.07639   0.01229   0.01017   0.09885   0.06759         0  0.001456    0.6931    0.2202    0.2166   0.08298   0.06759  0.007513  0.005479  0.009972  0.009972  0.009972
   0.07566   0.01211  0.009197   0.09697   0.06663         0  0.001372    0.6975    0.2218    0.2186   0.08473    0.0668  0.007469  0.005047  0.009968  0.009968  0.009968
   0.07498   0.01211   0.00922   0.09631   0.06632         0  0.001407    0.7232    0.2209    0.2262   0.08735   0.06604  0.007424  0.005353  0.009964  0.009964  0.009964
   0.07418    0.0121  0.008857   0.09514   0.06536         0  0.001344    0.7306    0.2266    0.2377   0.09399   0.06493  0.007309  0.004493   0.00996   0.00996   0.00996
   0.07401   0.01206  0.008447   0.09452   0.06669         0  0.001403     0.708    0.2516    0.2429   0.09783   0.06475  0.007304  0.004631  0.009956  0.009956  0.009956
   0.07348   0.01193  0.008224   0.09364   0.06628         0  0.001408    0.4149    0.2498    0.2376   0.09336   0.06426    0.0073  0.004309  0.009951  0.009951  0.009951
   0.07318   0.01208  0.008012   0.09327   0.07179         0  0.001446    0.4504    0.2576    0.2581     0.105   0.06323  0.007217   0.00388  0.009946  0.009946  0.009946
    0.0725   0.01193  0.007425   0.09185   0.09311         0  0.001543    0.4541    0.2655    0.2632    0.1078   0.06255  0.007187  0.003606   0.00994   0.00994   0.00994
   0.07229    0.0119  0.007801     0.092   0.08041         0  0.001501    0.4446    0.2637    0.2587    0.1066   0.06262  0.007204  0.003565  0.009935  0.009935  0.009935
   0.07177   0.01196  0.007449   0.09118   0.08423         0  0.001542    0.4736    0.2696    0.2676    0.1116   0.06211  0.007155    0.0034  0.009929  0.009929  0.009929
   0.07124   0.01203   0.00727   0.09054     0.104         0  0.001496    0.5443    0.2756    0.2725    0.1142   0.06142  0.007144  0.003158  0.009923  0.009923  0.009923
   0.07092   0.01178  0.006926   0.08963   0.09362         0   0.00148    0.5197    0.2771    0.2801    0.1173   0.06117  0.007104  0.003078  0.009917  0.009917  0.009917
   0.07134   0.01194  0.007235   0.09052    0.0907         0   0.00148    0.5085    0.2747    0.2825    0.1178   0.06093  0.007112  0.003069   0.00991   0.00991   0.00991
   0.07123   0.01173  0.007001   0.08996   0.08828         0  0.001478    0.4537    0.2823    0.2841    0.1206   0.06059  0.007113  0.003065  0.009904  0.009904  0.009904
   0.07101   0.01193  0.006996   0.08994   0.08637         0  0.001475    0.5582    0.2671    0.2846     0.122   0.06042   0.00715  0.003113  0.009897  0.009897  0.009897
    0.0705   0.01193  0.006591   0.08902   0.08485         0    0.0015     0.462    0.2761    0.2867    0.1256   0.06025  0.007103  0.003083  0.009889  0.009889  0.009889
   0.07035   0.01173  0.006671   0.08875   0.08398         0  0.001465    0.4639    0.2855    0.2891    0.1252      0.06  0.007085  0.002956  0.009882  0.009882  0.009882
   0.07069   0.01193  0.007153   0.08978   0.08408         0  0.001512    0.4688    0.2875    0.2916    0.1266   0.05978  0.007061  0.002883  0.009874  0.009874  0.009874
   0.07061   0.01178  0.007203    0.0896   0.08291         0   0.00152    0.4699    0.2917    0.2949    0.1291   0.05962  0.007061  0.002931  0.009866  0.009866  0.009866
   0.07028   0.01179  0.006898   0.08897   0.08174         0  0.001446    0.4753    0.2891    0.2962    0.1305   0.05952  0.007048  0.002949  0.009858  0.009858  0.009858
   0.07006   0.01163  0.006815   0.08851   0.08168         0  0.001454    0.5045    0.2791    0.2987    0.1307   0.05943  0.007042  0.003016   0.00985   0.00985   0.00985
   0.06982   0.01176  0.006574   0.08815   0.08179         0   0.00149     0.473    0.2947     0.301    0.1316   0.05928  0.007032  0.003007  0.009841  0.009841  0.009841
   0.06997   0.01177  0.006489   0.08823   0.08047         0  0.001467    0.4759    0.2944    0.3015    0.1322   0.05908  0.007023  0.002946  0.009832  0.009832  0.009832
   0.06971   0.01178  0.006403   0.08788    0.0808         0  0.001447    0.4748    0.2967    0.3021    0.1331   0.05896  0.007014  0.002929  0.009823  0.009823  0.009823
   0.06934    0.0117  0.006512   0.08755   0.08123         0  0.001468    0.4876    0.2951    0.3047    0.1341   0.05884  0.007004  0.002934  0.009814  0.009814  0.009814
   0.06905    0.0118  0.006415   0.08727   0.07927         0  0.001436    0.4994    0.2961     0.307    0.1357   0.05869  0.006993  0.002941  0.009804  0.009804  0.009804
   0.06909   0.01165  0.006505   0.08725   0.07863         0  0.001481    0.5032    0.2946    0.3084    0.1367    0.0586  0.006985  0.002954  0.009794  0.009794  0.009794
   0.06888    0.0118  0.006242   0.08691   0.07853         0  0.001403    0.5194    0.2902    0.3106    0.1372    0.0585  0.006977  0.002963  0.009784  0.009784  0.009784
    0.0698   0.01184  0.007343   0.08898   0.07816         0  0.001474    0.5079    0.2981    0.3106     0.138   0.05881  0.006994  0.003963  0.009774  0.009774  0.009774
   0.07148   0.01195  0.008132   0.09156   0.07859         0  0.001482    0.4775      0.31    0.3084    0.1369   0.05902  0.007038  0.003406  0.009764  0.009764  0.009764
    0.0701   0.01196  0.007617   0.08968   0.07702         0  0.001478    0.4587    0.3115    0.2997     0.134   0.05954  0.007091  0.003268  0.009753  0.009753  0.009753
   0.06974   0.01176   0.00712   0.08862   0.07649         0  0.001464    0.4845    0.2958    0.2908    0.1297    0.0601  0.007142   0.00352  0.009742  0.009742  0.009742
   0.06966   0.01184  0.006691   0.08819   0.07678         0  0.001474    0.4774    0.2926    0.2873    0.1278   0.06034  0.007165  0.003689  0.009731  0.009731  0.009731
   0.06904    0.0117  0.006447   0.08719   0.07658         0  0.001517    0.4879      0.29    0.2851    0.1265   0.06043  0.007175  0.003787  0.009719  0.009719  0.009719
   0.06844   0.01164  0.005985   0.08607   0.07489         0  0.001509     0.495    0.2879    0.2846    0.1261   0.06047  0.007182  0.003857  0.009707  0.009707  0.009707
   0.06879   0.01173   0.00595   0.08647    0.0753         0  0.001445    0.4939    0.2886    0.2841     0.126   0.06046  0.007184  0.003897  0.009696  0.009696  0.009696
    0.0681   0.01164  0.006353   0.08609   0.07491         0  0.001375    0.4902    0.2914    0.2848    0.1263   0.06038  0.007183  0.003894  0.009683  0.009683  0.009683
   0.06814    0.0118  0.005932   0.08587   0.07398         0   0.00144    0.5126    0.2799    0.2852     0.127   0.06033  0.007182  0.003915  0.009671  0.009671  0.009671
   0.06807   0.01154  0.005935   0.08555   0.07408         0  0.001407    0.5124    0.2828    0.2849    0.1266   0.06027  0.007182  0.003951  0.009658  0.009658  0.009658
    0.0676   0.01169  0.005709     0.085   0.07414         0  0.001431    0.5212    0.2795    0.2863     0.127    0.0602  0.007179  0.003946  0.009646  0.009646  0.009646
   0.06904   0.01175  0.006444   0.08723   0.07454         0  0.001435    0.5255    0.2812     0.287    0.1275   0.06014  0.007176  0.003942  0.009633  0.009633  0.009633
   0.06901   0.01181  0.006463   0.08728   0.07386         0  0.001449    0.5004    0.2891    0.2869    0.1272   0.06015  0.007183  0.003989  0.009619  0.009619  0.009619
   0.06871    0.0117  0.006186   0.08659    0.0744         0  0.001416    0.4971      0.29    0.2875    0.1274   0.06011  0.007184  0.004015  0.009606  0.009606  0.009606
   0.06792   0.01184  0.006329   0.08609   0.07275         0  0.001455    0.4777    0.2955    0.2889    0.1274   0.06002  0.007183  0.004006  0.009592  0.009592  0.009592
   0.06751   0.01169  0.005806   0.08501   0.07193         0  0.001464    0.4818    0.2947    0.2897    0.1277   0.05992   0.00718  0.003976  0.009578  0.009578  0.009578
   0.06771   0.01178  0.005648   0.08513   0.07313         0  0.001432    0.5103    0.2863     0.291    0.1281   0.05982  0.007174  0.003934  0.009564  0.009564  0.009564
   0.06756   0.01159  0.005781   0.08494   0.07235         0  0.001429    0.4887     0.297    0.2922    0.1286   0.05973  0.007164  0.003889   0.00955   0.00955   0.00955
   0.06844   0.01174  0.006025    0.0862   0.07483         0  0.001438    0.4894    0.2998    0.2933    0.1286   0.05967  0.007158   0.00387  0.009535  0.009535  0.009535
   0.06785   0.01182  0.005747   0.08542   0.07388         0  0.001476    0.4878    0.3028    0.2941    0.1295   0.05961  0.007153  0.003834   0.00952   0.00952   0.00952
   0.06758   0.01159  0.005676   0.08484   0.07287         0  0.001474    0.4879    0.3043    0.2951      0.13   0.05952  0.007149  0.003816  0.009505  0.009505  0.009505
   0.06716   0.01153   0.00585   0.08455     0.072         0  0.001464    0.4908    0.3018    0.2942    0.1307   0.05945  0.007146  0.003812   0.00949   0.00949   0.00949
   0.06722   0.01162  0.005974   0.08482   0.07334         0  0.001484    0.5406    0.2852    0.2955     0.131   0.05939  0.007143  0.003812  0.009475  0.009475  0.009475
   0.06675   0.01163  0.005546   0.08393   0.07236         0  0.001501    0.5422    0.2859    0.2961    0.1312   0.05929  0.007139  0.003794  0.009459  0.009459  0.009459
   0.06698   0.01161  0.005634   0.08422   0.07529         0  0.001533    0.4926    0.3026    0.2979    0.1321   0.05921  0.007134  0.003781  0.009443  0.009443  0.009443
   0.06735   0.01158  0.005847   0.08478   0.07397         0   0.00151    0.5274    0.2912    0.2983    0.1321   0.05915  0.007132   0.00377  0.009427  0.009427  0.009427
   0.06672   0.01175  0.005651   0.08412   0.07187         0  0.001498    0.5305    0.2901    0.2976    0.1313    0.0592  0.007136  0.003819  0.009411  0.009411  0.009411
   0.06662   0.01159  0.005455   0.08366   0.07309         0  0.001481    0.5302    0.2912    0.2984    0.1317   0.05916  0.007137  0.003843  0.009394  0.009394  0.009394
   0.06653   0.01156  0.005502   0.08359   0.07209         0  0.001452    0.5299    0.2912    0.2974    0.1314    0.0591  0.007136  0.003838  0.009377  0.009377  0.009377
   0.06622   0.01151  0.005604   0.08333   0.07083         0   0.00144    0.5277     0.292    0.2985    0.1325   0.05899  0.007135  0.003817   0.00936   0.00936   0.00936
   0.06638    0.0116  0.004982   0.08296    0.0789         0  0.001518    0.5348    0.2924    0.2996    0.1328   0.05891  0.007133  0.003821  0.009343  0.009343  0.009343
   0.06726   0.01167  0.005943   0.08487   0.07911         0  0.001533    0.5298    0.2939    0.3014    0.1337   0.05882  0.007128  0.003797  0.009326  0.009326  0.009326
    0.0663   0.01158  0.005281   0.08316   0.08087         0  0.001529    0.5137       0.3    0.3023    0.1342   0.05873  0.007123  0.003775  0.009308  0.009308  0.009308
    0.0665   0.01165  0.005606   0.08375   0.07802         0  0.001549    0.5019     0.305    0.3041    0.1352   0.05862  0.007114  0.003727  0.009291  0.009291  0.009291
   0.06623   0.01155   0.00546   0.08324    0.0743         0  0.001499    0.5145    0.3033    0.3054    0.1362    0.0585  0.007108  0.003695  0.009273  0.009273  0.009273
   0.06597    0.0116  0.005379   0.08295   0.07398         0  0.001448    0.5153     0.303    0.3055    0.1366    0.0584  0.007106  0.003668  0.009254  0.009254  0.009254
   0.06549   0.01155  0.005025   0.08206   0.07501         0  0.001474    0.5053    0.3038     0.306    0.1374   0.05829  0.007102  0.003639  0.009236  0.009236  0.009236
   0.06821   0.01165  0.006278   0.08614   0.07339         0  0.001483    0.5077    0.3018    0.3023    0.1362   0.05859  0.007135   0.00382  0.009218  0.009218  0.009218
   0.06644   0.01151  0.005523   0.08347   0.07145         0   0.00142    0.5258     0.291    0.2996    0.1359   0.05878  0.007156  0.003953  0.009199  0.009199  0.009199
   0.06602   0.01155  0.005565   0.08314   0.07149         0  0.001428    0.5199    0.2923    0.2979    0.1355    0.0589  0.007168  0.004056   0.00918   0.00918   0.00918
   0.06652   0.01174  0.005634    0.0839   0.07089         0  0.001467    0.5058    0.2935    0.2962    0.1345   0.05913   0.00717  0.004147  0.009161  0.009161  0.009161
   0.06645   0.01148  0.005457   0.08339   0.07032         0  0.001407    0.5357    0.2863    0.2941    0.1339    0.0593  0.007169  0.004247  0.009141  0.009141  0.009141
   0.06576   0.01149  0.005318   0.08257   0.07082         0  0.001449    0.5317    0.2848    0.2947    0.1347   0.05934  0.007163  0.004278  0.009122  0.009122  0.009122
   0.06597    0.0116  0.005326   0.08289   0.06956         0  0.001423    0.5412    0.2841    0.2953    0.1356   0.05932  0.007155  0.004313  0.009102  0.009102  0.009102
   0.06605   0.01165  0.005447   0.08315   0.07016         0  0.001424    0.5173    0.2941    0.2974    0.1366   0.05923  0.007145  0.004299  0.009082  0.009082  0.009082
   0.06569   0.01161  0.005237   0.08253   0.06958         0  0.001397    0.5071    0.2981    0.2991    0.1373   0.05913  0.007135  0.004258  0.009062  0.009062  0.009062
   0.06487   0.01153  0.005108   0.08151   0.06929         0  0.001423    0.5135    0.2978    0.3011    0.1386   0.05898  0.007125   0.00419  0.009042  0.009042  0.009042
   0.06597   0.01156  0.005433   0.08296   0.06953         0  0.001459    0.5193    0.2982    0.3024    0.1393   0.05883  0.007117  0.004134  0.009021  0.009021  0.009021
   0.06512   0.01153  0.004962   0.08162   0.06916         0  0.001396    0.5015    0.3013    0.3038    0.1404   0.05867  0.007107  0.004079     0.009     0.009     0.009
   0.06469   0.01138  0.005046   0.08111   0.06893         0  0.001354    0.4988    0.3022    0.3068    0.1416   0.05846  0.007095   0.00399   0.00898   0.00898   0.00898
    0.0653    0.0115  0.005078   0.08188   0.06962         0  0.001399     0.514    0.3004    0.3096    0.1433   0.05825  0.007079  0.003911  0.008959  0.008959  0.008959
   0.06615   0.01131  0.005436    0.0829   0.07272         0  0.001467    0.5177    0.2963    0.3113    0.1448   0.05805  0.007066  0.003816  0.008937  0.008937  0.008937
    0.0655   0.01166  0.005066   0.08222   0.07015         0  0.001423    0.5165    0.2998    0.3143    0.1464   0.05784  0.007054  0.003733  0.008916  0.008916  0.008916
   0.06487   0.01139    0.0048   0.08106   0.06895         0  0.001402    0.4877    0.3128    0.3168     0.147   0.05764  0.007037  0.003635  0.008894  0.008894  0.008894
   0.06539   0.01135  0.005136   0.08187   0.06825         0  0.001402    0.5506    0.2931    0.3185    0.1476   0.05745  0.007023   0.00354  0.008873  0.008873  0.008873
   0.06507   0.01141  0.004864   0.08135   0.06858         0  0.001377    0.5467    0.2952      0.32    0.1483   0.05728  0.007009  0.003483  0.008851  0.008851  0.008851
   0.06588   0.01152  0.005391   0.08279   0.06898         0   0.00143    0.5372    0.2979    0.3223    0.1498    0.0571  0.006992  0.003389  0.008828  0.008828  0.008828
   0.06582   0.01156  0.005746   0.08313   0.06828         0  0.001427    0.5028    0.3099    0.3236    0.1504     0.057  0.006986  0.003333  0.008806  0.008806  0.008806
   0.06484   0.01141  0.005158   0.08141   0.06759         0   0.00144    0.5067     0.312    0.3247    0.1514   0.05692  0.006984  0.003299  0.008784  0.008784  0.008784
   0.06459   0.01137  0.004983   0.08095   0.06772         0  0.001389    0.5143    0.3122    0.3266    0.1526    0.0568  0.006976  0.003238  0.008761  0.008761  0.008761
   0.06534   0.01146  0.005289   0.08209   0.06757         0  0.001406    0.5055    0.3178    0.3288    0.1534   0.05669  0.006969  0.003177  0.008738  0.008738  0.008738
   0.06415   0.01148   0.00487    0.0805   0.06745         0  0.001374    0.5077    0.3197    0.3305    0.1545   0.05656  0.006957  0.003111  0.008715  0.008715  0.008715
   0.06508   0.01154  0.005308   0.08193   0.06851         0  0.001413    0.5315    0.3142    0.3328    0.1555   0.05643  0.006945  0.003039  0.008692  0.008692  0.008692
   0.06565   0.01143  0.005391   0.08247    0.0694         0  0.001486     0.548    0.3092    0.3347    0.1566   0.05627  0.006931  0.002959  0.008669  0.008669  0.008669
     0.064    0.0113  0.005006   0.08031   0.06761         0  0.001399     0.512    0.3226    0.3377    0.1579    0.0561  0.006917  0.002887  0.008645  0.008645  0.008645
   0.06462   0.01156  0.005303   0.08148   0.06793         0  0.001368     0.534    0.3175    0.3385    0.1584   0.05593  0.006899  0.002759  0.008622  0.008622  0.008622
   0.06417   0.01134  0.004658   0.08017   0.06715         0  0.001401    0.5176     0.321    0.3407    0.1596   0.05578  0.006887  0.002707  0.008598  0.008598  0.008598
   0.06436   0.01135  0.004929   0.08064   0.06686         0  0.001398    0.5169     0.326    0.3423    0.1604   0.05566  0.006876  0.002671  0.008574  0.008574  0.008574
   0.06349    0.0114  0.004751   0.07964   0.06651         0  0.001339    0.5309    0.3245    0.3444    0.1614   0.05551  0.006863  0.002628   0.00855   0.00855   0.00855
   0.06405   0.01122  0.004402   0.07967    0.0664         0  0.001375    0.5404    0.3241    0.3469     0.163   0.05535  0.006846  0.002571  0.008525  0.008525  0.008525
   0.06435   0.01147  0.005176     0.081   0.06757         0  0.001374    0.5307    0.3279    0.3488    0.1638   0.05521  0.006832   0.00253  0.008501  0.008501  0.008501
