   0.09504   0.01197   0.01833    0.1253    0.1187         0  0.004531    0.5276    0.2156    0.1361   0.03979   0.07691  0.008402  0.006728  0.009992  0.009992  0.009992
   0.07675   0.01196  0.008467   0.09718   0.08218         0  0.003068    0.3353    0.2314    0.1886   0.05906    0.0779  0.007621  0.008657  0.009968  0.009968  0.009968
   0.07378   0.01172  0.008268   0.09377    0.0786         0  0.002784    0.4992    0.1842    0.0972   0.02704   0.07823  0.009142    0.0187  0.009929  0.009929  0.009929
   0.07362   0.01172  0.007545   0.09289   0.07725         0  0.002532    0.5968    0.1447    0.1145   0.03397    0.0784   0.01015   0.03769  0.009874  0.009874  0.009874
   0.07446   0.01169  0.008192   0.09434    0.0798         0  0.002202    0.5329    0.1334    0.1023   0.02781   0.07793  0.007805  0.009702  0.009804  0.009804  0.009804
   0.08204   0.01251   0.01457    0.1091   0.07693         0  0.002419    0.4156   0.06144    0.0291  0.007968   0.09597  0.008815     1.571  0.009719  0.009719  0.009719
   0.07967   0.01251   0.01261    0.1048   0.07599         0  0.002219    0.6489    0.2002    0.1819   0.05866   0.07379  0.007749  0.007498  0.009619  0.009619  0.009619
   0.07696   0.01216   0.01114    0.1003   0.07316         0  0.002073     0.662    0.1903    0.1772   0.05992   0.07098  0.008029  0.009165  0.009505  0.009505  0.009505
    0.0748   0.01223  0.009189   0.09622   0.07026         0  0.002033    0.6893    0.2131    0.1941   0.06873   0.06951  0.007567  0.007842  0.009377  0.009377  0.009377
   0.07302    0.0119  0.008151   0.09307   0.06793         0  0.001986    0.2663    0.1987    0.1399   0.04808   0.07267   0.01625   0.02469  0.009236  0.009236  0.009236
   0.07155   0.01181  0.007711   0.09108   0.06659         0  0.001928    0.3705    0.2305    0.2418   0.09301   0.06536  0.007403  0.004716  0.009082  0.009082  0.009082
   0.07079   0.01179  0.007436   0.09001   0.06551         0  0.001888    0.3945     0.262    0.2377   0.08839   0.06457  0.007362  0.004295  0.008916  0.008916  0.008916
   0.07007   0.01176  0.006611   0.08844   0.06373         0  0.001855    0.6798    0.2462    0.2235   0.08389   0.06561  0.007438  0.004828  0.008738  0.008738  0.008738
   0.07047    0.0119  0.007935    0.0903   0.06424         0  0.001852    0.4282    0.2534    0.2373   0.08935   0.06451  0.007295  0.005742   0.00855   0.00855   0.00855
    0.0704   0.01189  0.007471   0.08977    0.0632         0  0.001899    0.3916    0.2673     0.217   0.08096   0.06462  0.007563  0.005777  0.008351  0.008351  0.008351
   0.06982   0.01177  0.006804    0.0884   0.06251         0   0.00186     0.403    0.2859    0.2555   0.09563   0.06246  0.007962  0.005895  0.008143  0.008143  0.008143
   0.06821    0.0116  0.006108   0.08592   0.06231         0  0.001756    0.5101    0.3181    0.2978    0.1213    0.0614  0.007053  0.004032  0.007927  0.007927  0.007927
   0.06689   0.01163  0.005651   0.08417   0.06077         0  0.001796    0.4987    0.3047    0.2933     0.118   0.06069   0.00694  0.002743  0.007703  0.007703  0.007703
   0.06645   0.01161  0.005717   0.08377   0.05992         0   0.00176    0.4924    0.3117    0.3073     0.128   0.06026  0.006938   0.00384  0.007472  0.007472  0.007472
   0.06613   0.01137  0.005477   0.08297   0.06007         0  0.001709     0.472    0.3095    0.3001    0.1248    0.0599  0.007002  0.003101  0.007236  0.007236  0.007236
   0.06568   0.01152  0.005246   0.08244   0.05924         0  0.001692    0.5024    0.3332    0.3217     0.138   0.05856  0.006894  0.002532  0.006995  0.006995  0.006995
   0.06604   0.01151   0.00565   0.08319   0.05831         0  0.001748    0.4913    0.3512    0.3366      0.14   0.05881   0.00686   0.00272   0.00675   0.00675   0.00675
   0.06528   0.01145  0.005414   0.08214   0.05818         0  0.001748    0.5302     0.336    0.3301    0.1357   0.05817  0.006904  0.005762  0.006501  0.006501  0.006501
    0.0644   0.01136   0.00517   0.08093   0.05744         0  0.001666    0.4614    0.3781    0.3427    0.1459   0.05721   0.00686  0.002825  0.006251  0.006251  0.006251
    0.0635   0.01145  0.004966   0.07992   0.05687         0  0.001589    0.4938    0.3702    0.3614    0.1567   0.05651  0.006701  0.002132     0.006     0.006     0.006
   0.06301   0.01115  0.004406   0.07857   0.05615         0  0.001522    0.5275    0.3847    0.3789    0.1611   0.05556  0.006486  0.001928  0.005749  0.005749  0.005749
   0.06296   0.01125  0.004675   0.07889   0.05655         0  0.001551     0.547     0.386     0.382    0.1669   0.05486  0.006521  0.001998  0.005499  0.005499  0.005499
   0.06207   0.01098  0.004177   0.07724   0.05536         0  0.001565    0.6127    0.3772    0.3861    0.1723    0.0541  0.006509  0.001687   0.00525   0.00525   0.00525
   0.06143   0.01106  0.004397   0.07689   0.05518         0  0.001552    0.5711    0.3937    0.3981    0.1794   0.05397  0.006391  0.001721  0.005005  0.005005  0.005005
   0.06089   0.01106  0.003828   0.07579   0.05411         0  0.001541    0.5791    0.4047    0.4101    0.1873     0.053  0.006363  0.001728  0.004764  0.004764  0.004764
   0.06083   0.01089  0.004059   0.07578   0.05457         0  0.001506    0.5957    0.3973    0.4046    0.1821    0.0528  0.006319  0.001613  0.004528  0.004528  0.004528
   0.06056   0.01104  0.004466   0.07606   0.05441         0  0.001488    0.5682    0.4171    0.4167    0.1966   0.05209  0.006356  0.001624  0.004297  0.004297  0.004297
   0.05968   0.01079  0.003904   0.07437   0.05334         0  0.001499    0.5863    0.4211    0.4222    0.1945   0.05151  0.006226   0.00136  0.004073  0.004073  0.004073
   0.05917   0.01083  0.003919   0.07392   0.05305         0  0.001472    0.5829    0.4342     0.435     0.196   0.05152  0.006239  0.001586  0.003857  0.003857  0.003857
   0.05923   0.01062   0.00388   0.07373   0.05308         0  0.001492    0.6279    0.4276    0.4458    0.2075   0.05105  0.006182  0.001561  0.003649  0.003649  0.003649
   0.05853   0.01076  0.003892   0.07319   0.05231         0  0.001471    0.6236    0.4428    0.4553    0.2137   0.05015  0.006127   0.00135   0.00345   0.00345   0.00345
   0.05852    0.0107  0.003824   0.07304   0.05191         0  0.001408    0.6213    0.4401    0.4548    0.2173   0.05002  0.006141   0.00138  0.003262  0.003262  0.003262
   0.05783   0.01069  0.003543   0.07206   0.05238         0  0.001422    0.6327    0.4415    0.4585    0.2184    0.0495  0.006093  0.001315  0.003084  0.003084  0.003084
   0.05747   0.01057  0.003521   0.07156   0.05175         0  0.001432    0.6388    0.4587    0.4718    0.2238   0.04909  0.006033   0.00144  0.002918  0.002918  0.002918
   0.05692   0.01064  0.003415   0.07097   0.05072         0  0.001462    0.6384    0.4664     0.481    0.2296   0.04885  0.006003  0.001204  0.002764  0.002764  0.002764
     0.056   0.01048   0.00331   0.06978   0.04997         0  0.001385    0.6472    0.4648    0.4795    0.2316   0.04852   0.00596  0.001407  0.002623  0.002623  0.002623
   0.05578   0.01059  0.003157   0.06953   0.04961         0   0.00136    0.6518    0.4632    0.4808    0.2324   0.04831  0.005951  0.001328  0.002495  0.002495  0.002495
   0.05562   0.01048  0.003231   0.06933   0.04951         0  0.001326    0.6484    0.4717    0.4886    0.2388   0.04806  0.005912  0.001255  0.002381  0.002381  0.002381
   0.05592    0.0104  0.003345   0.06967   0.04944         0  0.001345    0.6247    0.4838    0.4895    0.2389   0.04782  0.005923  0.001405  0.002281  0.002281  0.002281
   0.05533   0.01048  0.003076   0.06889   0.04914         0  0.001358    0.6118    0.4951    0.4973    0.2456   0.04734  0.005873  0.001208  0.002196  0.002196  0.002196
   0.05472   0.01033  0.003116   0.06816   0.04848         0  0.001334    0.6063     0.498    0.4997      0.25   0.04702  0.005821   0.00111  0.002126  0.002126  0.002126
    0.0545   0.01037  0.002955   0.06783   0.04861         0  0.001269    0.6105     0.508    0.5086    0.2541   0.04685  0.005772  0.001032  0.002071  0.002071  0.002071
   0.05447   0.01026  0.003107   0.06784   0.04826         0  0.001345    0.6165     0.512    0.5118    0.2567   0.04657  0.005742  0.000917  0.002032  0.002032  0.002032
   0.05379   0.01016  0.002908   0.06686   0.04748         0   0.00132    0.6449    0.5045    0.5156    0.2562    0.0465  0.005725 0.0009173  0.002008  0.002008  0.002008
   0.05419    0.0102   0.00289   0.06728   0.04806         0  0.001317    0.6436    0.5109    0.5199      0.26   0.04636  0.005718 0.0009519     0.002     0.002     0.002
