log_extract_for=bentrance_S4_base_a2last_kdramp_b120_after67b
generated_at=2026-06-13 19:12:17 CST

====================================================================================================
FILE /root/shared-nvme/LADD_public_p1/logs/formal_nomosaic_20260528/ladd/formal_nomosaic_yolo11s_cap2_s0_bentrance_S4_base_a2last_kdramp_b120_after67b_gpu1.outer.log
[keyword_hits]
[tail]
[2026-06-13 15:02:55] phase=b model=runs_public/ogsod/hbb/formal_nomosaic_20260528/baselines/sar/sar_yolo11s_hbb_800ep_cos_nomosaic_albu_b64_s0/weights/best.pt
[2026-06-13 15:02:55] Launching OGSOD hbb LADD phase b: ladd_hbb_ogsod11s_formal_nomosaic_yolo11s_cap2_s0_bentrance_S4_base_a2last_kdramp_b120_after67b_b_e120_b64_s0_gpu1

====================================================================================================
FILE /root/shared-nvme/LADD_public_p1/logs/formal_nomosaic_20260528/ladd/formal_nomosaic_yolo11s_cap2_s0_bentrance_S4_base_a2last_kdramp_b120_after67b_gpu1/b/b.log
[keyword_hits]
2:  python3 ladd/code_versions/current_hbb/tools/train_ladd_hbb.py --phase b --model runs_public/ogsod/hbb/formal_nomosaic_20260528/baselines/sar/sar_yolo11s_hbb_800ep_cos_nomosaic_albu_b64_s0/weights/best.pt --data /root/shared-nvme/LADD_public/configs/datasets/ogsod_hbb_sar.yaml --teacher-data /root/shared-nvme/LADD_public/configs/datasets/ogsod_hbb_rgb.yaml --teacher-weights runs_public/ogsod/hbb/formal_nomosaic_20260528/baselines/rgb/rgb_yolo11s_hbb_800ep_cos_nomosaic_albu_b64_s0/weights/best.pt --imgsz 256 --epochs 120 --batch 64 --workers 8 --device 1 --patience 120 --fraction 1.0 --project runs_public/ogsod/hbb/formal_nomosaic_20260528/ladd/yolo11s/cap2 --name ladd_hbb_ogsod11s_formal_nomosaic_yolo11s_cap2_s0_bentrance_S4_base_a2last_kdramp_b120_after67b_b_e120_b64_s0_gpu1 --phase-detect-mode raw --det-loss-scale 1.0 --phase-stop-metric default --freeze-bn-after-epoch -1 --ladd-diag-log-bn 1 --ladd-diag-log-grad 0 --ladd-grad-clip-norm 0.0 --ladd-diag-log-every 1 --ladd-kd-decay-mo
5: [34m[1mengine/trainer: [0magnostic_nms=False, amp=True, angle=1.0, augment=False, auto_augment=randaugment, batch=64, bgr=0.0, box=7.5, cache=False, cfg=None, classes=None, close_mosaic=0, cls=0.5, compile=False, conf=None, copy_paste=0.0, copy_paste_mode=flip, cos_lr=True, cutmix=0.0, data=/root/shared-nvme/LADD_public/configs/datasets/ogsod_hbb_sar.yaml, degrees=0.0, deterministic=True, device=1, dfl=1.5, dnn=False, dropout=0.0, dynamic=False, embed=None, end2end=None, epochs=120, erasing=0.0, exist_ok=False, fliplr=0.5, flipud=0.0, format=torchscript, fraction=1.0, freeze=None, half=False, hsv_h=0.0, hsv_s=0.0, hsv_v=0.0, imgsz=256, int8=False, iou=0.7, keras=False, kobj=1.0, line_width=None, lr0=0.001, lrf=0.01, mask_ratio=4, max_det=300, mixup=0.0, mode=train, model=runs_public/ogsod/hbb/formal_nomosaic_20260528/baselines/sar/sar_yolo11s_hbb_800ep_cos_nomosaic_albu_b64_s0/weights/best.pt, momentum=0.937, mosaic=0.0, multi_scale=0.0, name=ladd_hbb_ogsod11s_formal_nomosaic_yolo11
47: Manual phase 'b': applied split-load initialization detector_source=/root/shared-nvme/archive/ladd_pre_public_20260604_220559/runs_public/ogsod/hbb/formal_nomosaic_20260528/baselines/sar/sar_yolo11s_hbb_800ep_cos_nomosaic_albu_b64_s0/weights/best.pt decomp_source=/root/shared-nvme/LADD_public/runs_public/ogsod/hbb/formal_nomosaic_20260528/ladd/yolo11s/cap2/ladd_hbb_ogsod11s_formal_nomosaic_yolo11s_cap2_s0_diag_a2damage_s_s0_a2lr3e4_b1_a2_e50_b64_s0_gpu1/weights/last.pt strict=True manifest=/root/shared-nvme/LADD_public/runs_public/ogsod/hbb/formal_nomosaic_20260528/ladd/yolo11s/cap2/ladd_hbb_ogsod11s_formal_nomosaic_yolo11s_cap2_s0_bentrance_S4_base_a2last_kdramp_b120_after67b_b_e120_b64_s0_gpu1/b_split_load_manifest.json
49: ladd_phase_diag phase=b trainable_params=12536281/23919080 bn_eval=81/81 freeze_bn_stats=True freeze_bn_after_epoch=-1 ladd_assert_phase_freeze=True alpha_kd=1.0 base_alpha_kd=1.0 effective_alpha_kd=0.0 kd_multiplier=0.0 kd_warmup_active=True ladd_kd_decay_mode=warmup_linear ladd_kd_decay_start_epoch=50 ladd_kd_decay_end_epoch=100 ladd_kd_final_mult=1.0 ladd_kd_stop_after_epoch=-1 ladd_b_det_only=False ladd_a2_det_only=False ladd_diag_log_grad=False ladd_grad_clip=ULTRALYTICS_DEFAULT ladd_grad_clip_norm=0.0 effective_grad_clip_norm=10.0
91: Saved pre-train validation snapshot to /root/shared-nvme/LADD_public/runs_public/ogsod/hbb/formal_nomosaic_20260528/ladd/yolo11s/cap2/ladd_hbb_ogsod11s_formal_nomosaic_yolo11s_cap2_s0_bentrance_S4_base_a2last_kdramp_b120_after67b_b_e120_b64_s0_gpu1/initial_val_metrics.json
100: WARNING ⚠️ CUDA out of memory with batch=64. Reducing to batch=32 and retrying (1/3).
[tail]
[K     25/120      2.56G     0.7765     0.3811     0.8024          0          0          0          0          0          0          0   0.001926  2.867e-05          0          0          0          0          0          0          0          0          0          0          0          0          0          0     0.6004     0.1698          0          0     0.4665    0.05698      0.373      0.425        115        256: 9% ━─────────── 43/459 4.4it/s 11.8s<1:34
[K     25/120      2.56G     0.7762     0.3815     0.8031          0          0          0          0          0          0          0   0.001924  2.856e-05          0          0          0          0          0          0          0          0          0          0          0          0          0          0     0.6011     0.1698          0          0     0.4665    0.05697     0.3733      0.425         60        256: 10% ━─────────── 44/459 4.9it/s 12.0s<1:25
[K     25/120      2.56G     0.7741     0.3804     0.8028          0          0          0          0          0          0          0   0.001922  2.835e-05          0          0          0          0          0          0          0          0          0          0          0          0          0          0     0.6015     0.1697          0          0     0.4665    0.05699     0.3733     0.4249         68        256: 10% ━─────────── 45/459 4.2it/s 12.4s<1:40
[K     25/120      2.56G     0.7715     0.3794     0.8029          0          0          0          0          0          0          0   0.001923  2.838e-05          0          0          0          0          0          0          0          0          0          0          0          0          0          0     0.6021     0.1698          0          0     0.4665      0.057     0.3731     0.4249         68        256: 10% ━─────────── 46/459 5.2it/s 12.5s<1:19
[K     25/120      2.56G     0.7718     0.3792     0.8032          0          0          0          0          0          0          0   0.001925  2.833e-05          0          0          0          0          0          0          0          0          0          0          0          0          0          0     0.6012     0.1698          0          0     0.4666    0.05699     0.3733      0.425         71        256: 10% ━─────────── 47/459 4.4it/s 12.9s<1:33
[K     25/120      2.56G     0.7711     0.3791     0.8032          0          0          0          0          0          0          0   0.001925  2.818e-05          0          0          0          0          0          0          0          0          0          0          0          0          0          0     0.6006     0.1698          0          0     0.4666    0.05699     0.3733      0.425         65        256: 10% ━─────────── 48/459 5.2it/s 13.0s<1:20
[K     25/120      2.56G     0.7701     0.3793      0.803          0          0          0          0          0          0          0   0.001922  2.806e-05          0          0          0          0          0          0          0          0          0          0          0          0          0          0     0.6019     0.1697          0          0     0.4666    0.05699     0.3733     0.4251         61        256: 11% ━─────────── 49/459 4.4it/s 13.4s<1:33
[K     25/120      2.56G     0.7709     0.3798     0.8028          0          0          0          0          0          0          0   0.001918   2.82e-05          0          0          0          0          0          0          0          0          0          0          0          0          0          0     0.5991     0.1697          0          0     0.4666    0.05699     0.3729      0.425         61        256: 11% ━─────────── 50/459 4.9it/s 13.6s<1:23
[K     25/120      2.56G     0.7693      0.379      0.803          0          0          0          0          0          0          0   0.001915  2.806e-05          0          0          0          0          0          0          0          0          0          0          0          0          0          0      0.601     0.1697          0          0     0.4665    0.05698     0.3726      0.425         52        256: 11% ━─────────── 51/459 4.2it/s 14.0s<1:37
[K     25/120      2.56G     0.7682     0.3793     0.8033          0          0          0          0          0          0          0   0.001915   2.79e-05          0          0          0          0          0          0          0          0          0          0          0          0          0          0     0.6016     0.1696          0          0     0.4665    0.05696     0.3727     0.4249         69        256: 11% ━─────────── 52/459 5.0it/s 14.1s<1:21
[K     25/120      2.56G     0.7687     0.3788     0.8032          0          0          0          0          0          0          0   0.001915   2.78e-05          0          0          0          0          0          0          0          0          0          0          0          0          0          0     0.6022     0.1696          0          0     0.4665    0.05698     0.3727     0.4249        104        256: 12% ━─────────── 53/459 4.3it/s 14.5s<1:35
[K     25/120      2.56G      0.769     0.3786     0.8032          0          0          0          0          0          0          0   0.001916  2.772e-05          0          0          0          0          0          0          0          0          0          0          0          0          0          0     0.6025     0.1696          0          0     0.4665    0.05697     0.3725     0.4249         80        256: 12% ━─────────── 54/459 5.2it/s 14.6s<1:17
[K     25/120      2.56G     0.7703      0.379     0.8043          0          0          0          0          0          0          0   0.001914  2.777e-05          0          0          0          0          0          0          0          0          0          0          0          0          0          0     0.6031     0.1696          0          0     0.4665    0.05693     0.3724     0.4249         47        256: 12% ━─────────── 55/459 4.5it/s 15.0s<1:30
[K     25/120      2.56G     0.7676     0.3782     0.8043          0          0          0          0          0          0          0   0.001919  2.776e-05          0          0          0          0          0          0          0          0          0          0          0          0          0          0     0.6028     0.1696          0          0     0.4666    0.05691     0.3726     0.4249         64        256: 12% ━─────────── 56/459 5.1it/s 15.2s<1:19
[K     25/120      2.56G     0.7691     0.3784     0.8046          0          0          0          0          0          0          0   0.001918  2.772e-05          0          0          0          0          0          0          0          0          0          0          0          0          0          0     0.6035     0.1696          0          0     0.4666    0.05693     0.3724     0.4249         56        256: 12% ━─────────── 57/459 4.4it/s 15.6s<1:32
[K     25/120      2.56G     0.7684     0.3788     0.8044          0          0          0          0          0          0          0    0.00192  2.783e-05          0          0          0          0          0          0          0          0          0          0          0          0          0          0     0.6021     0.1697          0          0     0.4666    0.05691     0.3725     0.4249         58        256: 13% ━╸────────── 58/459 5.2it/s 15.7s<1:16
[K     25/120      2.56G     0.7653      0.378     0.8046          0          0          0          0          0          0          0   0.001921  2.772e-05          0          0          0          0          0          0          0          0          0          0          0          0          0          0     0.6015     0.1697          0          0     0.4666    0.05687     0.3725     0.4248         57        256: 13% ━╸────────── 59/459 4.4it/s 16.1s<1:31
[K     25/120      2.56G      0.767     0.3781     0.8047          0          0          0          0          0          0          0   0.001918  2.797e-05          0          0          0          0          0          0          0          0          0          0          0          0          0          0     0.6016     0.1696          0          0     0.4666    0.05688     0.3723     0.4248         84        256: 13% ━╸────────── 60/459 5.1it/s 16.3s<1:18
[K     25/120      2.56G     0.7717     0.3796     0.8047          0          0          0          0          0          0          0   0.001915  2.797e-05          0          0          0          0          0          0          0          0          0          0          0          0          0          0        0.6     0.1696          0          0     0.4666    0.05686      0.372     0.4248         58        256: 13% ━╸────────── 61/459 4.3it/s 16.7s<1:32
[K     25/120      2.56G     0.7741     0.3801     0.8044          0          0          0          0          0          0          0   0.001911  2.795e-05          0          0          0          0          0          0          0          0          0          0          0          0          0          0     0.5993     0.1695          0          0     0.4666    0.05686     0.3716     0.4248         65        256: 14% ━╸────────── 62/459 5.2it/s 16.8s<1:16
[K     25/120      2.56G      0.774     0.3802     0.8043          0          0          0          0          0          0          0   0.001913  2.782e-05          0          0          0          0          0          0          0          0          0          0          0          0          0          0     0.5991     0.1695          0          0     0.4666    0.05685      0.372     0.4248         68        256: 14% ━╸────────── 63/459 4.4it/s 17.2s<1:30
[K     25/120      2.56G     0.7754     0.3801     0.8042          0          0          0          0          0          0          0    0.00191  2.783e-05          0          0          0          0          0          0          0          0          0          0          0          0          0          0     0.5995     0.1695          0          0     0.4666    0.05683     0.3718     0.4248         54        256: 14% ━╸────────── 64/459 5.3it/s 17.3s<1:15
[K     25/120      2.56G      0.776     0.3801     0.8043          0          0          0          0          0          0          0    0.00191  2.779e-05          0          0          0          0          0          0          0          0          0          0          0          0          0          0     0.5989     0.1695          0          0     0.4666    0.05684     0.3717     0.4248        102        256: 14% ━╸────────── 65/459 4.4it/s 17.7s<1:29
[K     25/120      2.56G      0.775     0.3798      0.804          0          0          0          0          0          0          0   0.001909  2.774e-05          0          0          0          0          0          0          0          0          0          0          0          0          0          0     0.5979     0.1695          0          0     0.4666    0.05683     0.3715     0.4247         65        256: 14% ━╸────────── 66/459 5.2it/s 17.9s<1:16
[K     25/120      2.56G     0.7751     0.3799     0.8049          0          0          0          0          0          0          0   0.001914   2.77e-05          0          0          0          0          0          0          0          0          0          0          0          0          0          0     0.5974     0.1695          0          0     0.4667    0.05681     0.3716     0.4248         67        256: 15% ━╸────────── 67/459 4.3it/s 18.3s<1:31
[K     25/120      2.56G     0.7729     0.3792     0.8048          0          0          0          0          0          0          0   0.001914  2.757e-05          0          0          0          0          0          0          0          0          0          0          0          0          0          0     0.5976     0.1695          0          0     0.4667    0.05681     0.3714     0.4248         61        256: 15% ━╸────────── 68/459 4.9it/s 18.5s<1:20
[K     25/120      2.56G     0.7714     0.3789     0.8048          0          0          0          0          0          0          0   0.001912  2.742e-05          0          0          0          0          0          0          0          0          0          0          0          0          0          0     0.5972     0.1695          0          0     0.4667    0.05682     0.3713     0.4248         59        256: 15% ━╸────────── 69/459 4.1it/s 18.9s<1:34
[K     25/120      2.56G     0.7758     0.3802     0.8048          0          0          0          0          0          0          0   0.001909  2.755e-05          0          0          0          0          0          0          0          0          0          0          0          0          0          0     0.5966     0.1695          0          0     0.4667    0.05686     0.3712     0.4248         79        256: 15% ━╸────────── 70/459 5.1it/s 19.1s<1:17
[K     25/120      2.56G      0.777     0.3806     0.8049          0          0          0          0          0          0          0   0.001911  2.749e-05          0          0          0          0          0          0          0          0          0          0          0          0          0          0      0.596     0.1695          0          0     0.4667    0.05688     0.3714     0.4248        106        256: 15% ━╸────────── 71/459 4.3it/s 19.5s<1:31
[K     25/120      2.56G     0.7748     0.3802     0.8049          0          0          0          0          0          0          0   0.001916  2.733e-05          0          0          0          0          0          0          0          0          0          0          0          0          0          0     0.5957     0.1696          0          0     0.4667    0.05687     0.3717     0.4249         72        256: 16% ━╸────────── 72/459 5.0it/s 19.6s<1:17
[K     25/120      2.56G     0.7756     0.3803     0.8051          0          0          0          0          0          0          0   0.001917  2.726e-05          0          0          0          0          0          0          0          0          0          0          0          0          0          0     0.5957     0.1696          0          0     0.4667    0.05682     0.3717     0.4248         77        256: 16% ━╸────────── 73/459 4.2it/s 20.1s<1:32
[K     25/120      2.56G     0.7753       0.38     0.8058          0          0          0          0          0          0          0   0.001917  2.728e-05          0          0          0          0          0          0          0          0          0          0          0          0          0          0     0.5964     0.1695          0          0     0.4667    0.05684     0.3718     0.4248         60        256: 16% ━╸────────── 74/459 4.9it/s 20.2s<1:18
[K     25/120      2.56G     0.7812     0.3818     0.8055          0          0          0          0          0          0          0   0.001921  2.718e-05          0          0          0          0          0          0          0          0          0          0          0          0          0          0     0.5951     0.1696          0          0     0.4667    0.05685     0.3716     0.4248        227        256: 16% ━╸────────── 75/459 4.1it/s 20.7s<1:33
[K     25/120      2.56G     0.7797     0.3812     0.8053          0          0          0          0          0          0          0    0.00192   2.71e-05          0          0          0          0          0          0          0          0          0          0          0          0          0          0     0.5957     0.1696          0          0     0.4667    0.05686     0.3715     0.4249         59        256: 17% ━╸────────── 76/459 5.3it/s 20.8s<1:13
[K     25/120      2.56G      0.779     0.3815     0.8053          0          0          0          0          0          0          0   0.001923  2.708e-05          0          0          0          0          0          0          0          0          0          0          0          0          0          0     0.5951     0.1696          0          0     0.4667    0.05687     0.3715     0.4249         90        256: 17% ━━────────── 77/459 4.4it/s 21.2s<1:27
[K     25/120      2.56G     0.7795     0.3815     0.8056          0          0          0          0          0          0          0   0.001922  2.711e-05          0          0          0          0          0          0          0          0          0          0          0          0          0          0     0.5954     0.1696          0          0     0.4667    0.05688     0.3716     0.4248         58        256: 17% ━━────────── 78/459 5.2it/s 21.3s<1:13
[K     25/120      2.56G      0.781     0.3822     0.8055          0          0          0          0          0          0          0   0.001922  2.728e-05          0          0          0          0          0          0          0          0          0          0          0          0          0          0     0.5951     0.1696          0          0     0.4666    0.05689     0.3716     0.4248         85        256: 17% ━━────────── 79/459 4.4it/s 21.8s<1:27
[K     25/120      2.56G     0.7802     0.3817     0.8053          0          0          0          0          0          0          0   0.001922  2.719e-05          0          0          0          0          0          0          0          0          0          0          0          0          0          0     0.5955     0.1696          0          0     0.4666     0.0569     0.3717     0.4248         58        256: 17% ━━────────── 80/459 5.1it/s 21.9s<1:14
[K     25/120      2.56G     0.7795     0.3817     0.8055          0          0          0          0          0          0          0   0.001925  2.714e-05          0          0          0          0          0          0          0          0          0          0          0          0          0          0     0.5948     0.1697          0          0     0.4667    0.05691     0.3721     0.4249         63        256: 18% ━━────────── 81/459 4.3it/s 22.3s<1:27
[K     25/120      2.56G     0.7789     0.3816     0.8054          0          0          0          0          0          0          0   0.001928   2.73e-05          0          0          0          0          0          0          0          0          0          0          0          0          0          0     0.5943     0.1697          0          0     0.4667    0.05688     0.3721     0.4249         71        256: 18% ━━────────── 82/459 5.1it/s 22.5s<1:14
[K     25/120      2.56G     0.7767     0.3809      0.805          0          0          0          0          0          0          0   0.001928  2.724e-05          0          0          0          0          0          0          0          0          0          0          0          0          0          0     0.5943     0.1697          0          0     0.4667    0.05687      0.372     0.4249         65        256: 18% ━━────────── 83/459 4.3it/s 22.9s<1:27
[K     25/120      2.56G     0.7761     0.3804     0.8049          0          0          0          0          0          0          0   0.001928  2.727e-05          0          0          0          0          0          0          0          0          0          0          0          0          0          0     0.5944     0.1697          0          0     0.4667    0.05691     0.3723     0.4249         54        256: 18% ━━────────── 84/459 4.8it/s 23.0s<1:18
[K     25/120      2.56G     0.7755     0.3803     0.8047          0          0          0          0          0          0          0    0.00193  2.722e-05          0          0          0          0          0          0          0          0          0          0          0          0          0          0     0.5947     0.1697          0          0     0.4667    0.05691     0.3724     0.4249         74        256: 19% ━━────────── 85/459 4.1it/s 23.4s<1:32
[K     25/120      2.56G     0.7742       0.38     0.8046          0          0          0          0          0          0          0   0.001931   2.71e-05          0          0          0          0          0          0          0          0          0          0          0          0          0          0      0.595     0.1697          0          0     0.4667    0.05692     0.3725     0.4249         66        256: 19% ━━────────── 86/459 5.0it/s 23.6s<1:15
[K     25/120      2.56G     0.7743     0.3802     0.8052          0          0          0          0          0          0          0   0.001934  2.711e-05          0          0          0          0          0          0          0          0          0          0          0          0          0          0     0.5944     0.1697          0          0     0.4667    0.05687     0.3724     0.4249         59        256: 19% ━━────────── 87/459 4.2it/s 24.0s<1:28
[K     25/120      2.56G     0.7767     0.3811     0.8048          0          0          0          0          0          0          0   0.001932  2.718e-05          0          0          0          0          0          0          0          0          0          0          0          0          0          0     0.5942     0.1697          0          0     0.4667    0.05692     0.3723     0.4249         68        256: 19% ━━────────── 88/459 5.1it/s 24.1s<1:12
[K     25/120      2.56G     0.7772     0.3812      0.805          0          0          0          0          0          0          0   0.001935  2.705e-05          0          0          0          0          0          0          0          0          0          0          0          0          0          0     0.5936     0.1698          0          0     0.4667    0.05692     0.3723     0.4249        106        256: 19% ━━────────── 89/459 4.3it/s 24.6s<1:27
[K     25/120      2.56G     0.7778     0.3813     0.8054          0          0          0          0          0          0          0   0.001934  2.698e-05          0          0          0          0          0          0          0          0          0          0          0          0          0          0     0.5937     0.1697          0          0     0.4667    0.05692     0.3722     0.4249         69        256: 20% ━━────────── 90/459 5.1it/s 24.7s<1:12
[K     25/120      2.56G     0.7767      0.381     0.8053          0          0          0          0          0          0          0   0.001936  2.689e-05          0          0          0          0          0          0          0          0          0          0          0          0          0          0      0.594     0.1698          0          0     0.4667    0.05689     0.3721     0.4249         76        256: 20% ━━────────── 91/459 4.3it/s 25.1s<1:25
[K     25/120      2.56G     0.7818     0.3821     0.8049          0          0          0          0          0          0          0   0.001935  2.683e-05          0          0          0          0          0          0          0          0          0          0          0          0          0          0     0.5934     0.1698          0          0     0.4667    0.05687     0.3717     0.4249        122        256: 20% ━━────────── 92/459 5.2it/s 25.2s<1:10
[K     25/120      2.56G       0.78     0.3813     0.8051          0          0          0          0          0          0          0   0.001936  2.686e-05          0          0          0          0          0          0          0          0          0          0          0          0          0          0      0.594     0.1698          0          0     0.4667    0.05686     0.3717     0.4249         56        256: 20% ━━────────── 93/459 4.4it/s 25.7s<1:24
[K     25/120      2.56G     0.7799     0.3812     0.8049          0          0          0          0          0          0          0   0.001935  2.684e-05          0          0          0          0          0          0          0          0          0          0          0          0          0          0     0.5934     0.1698          0          0     0.4667    0.05687     0.3716     0.4249         62        256: 20% ━━────────── 94/459 5.4it/s 25.8s<1:08
[K     25/120      2.56G     0.7785      0.381     0.8053          0          0          0          0          0          0          0   0.001938  2.695e-05          0          0          0          0          0          0          0          0          0          0          0          0          0          0     0.5925     0.1698          0          0     0.4667    0.05687     0.3718     0.4249         61        256: 21% ━━────────── 95/459 4.5it/s 26.2s<1:21
[K     25/120      2.56G     0.7772     0.3806     0.8053          0          0          0          0          0          0          0   0.001939  2.694e-05          0          0          0          0          0          0          0          0          0          0          0          0          0          0     0.5927     0.1698          0          0     0.4667     0.0569      0.372     0.4249         54        256: 21% ━━╸───────── 96/459 5.1it/s 26.3s<1:11
[K     25/120      2.56G     0.7778     0.3811     0.8053          0          0          0          0          0          0          0   0.001939  2.684e-05          0          0          0          0          0          0          0          0          0          0          0          0          0          0      0.593     0.1698          0          0     0.4667     0.0569     0.3721     0.4249         70        256: 21% ━━╸───────── 97/459 4.3it/s 26.8s<1:24
[K     25/120      2.56G      0.777     0.3809     0.8053          0          0          0          0          0          0          0   0.001939  2.679e-05          0          0          0          0          0          0          0          0          0          0          0          0          0          0     0.5933     0.1698          0          0     0.4667    0.05689     0.3722     0.4249         56        256: 21% ━━╸───────── 98/459 5.1it/s 26.9s<1:11
[K     25/120      2.56G     0.7786     0.3813     0.8049          0          0          0          0          0          0          0   0.001938  2.665e-05          0          0          0          0          0          0          0          0          0          0          0          0          0          0     0.5937     0.1698          0          0     0.4667    0.05688      0.372     0.4249         70        256: 22% ━━╸───────── 99/459 4.3it/s 27.3s<1:24
[K     25/120      2.56G     0.7804      0.382     0.8045          0          0          0          0          0          0          0   0.001935  2.673e-05          0          0          0          0          0          0          0          0          0          0          0          0          0          0     0.5933     0.1698          0          0     0.4667    0.05691     0.3719     0.4249        110        256: 22% ━━╸───────── 100/459 4.8it/s 27.5s<1:15
[K     25/120      2.56G     0.7822     0.3825     0.8042          0          0          0          0          0          0          0   0.001938  2.678e-05          0          0          0          0          0          0          0          0          0          0          0          0          0          0      0.593     0.1698          0          0     0.4667    0.05687     0.3717     0.4249        135        256: 22% ━━╸───────── 101/459 4.1it/s 27.9s<1:27
[K     25/120      2.56G     0.7843     0.3842     0.8048          0          0          0          0          0          0          0   0.001937  2.672e-05          0          0          0          0          0          0          0          0          0          0          0          0          0          0      0.593     0.1698          0          0     0.4667    0.05691     0.3717     0.4249         75        256: 22% ━━╸───────── 102/459 5.3it/s 28.0s<1:08
[K     25/120      2.56G     0.7842     0.3841     0.8049          0          0          0          0          0          0          0   0.001938  2.669e-05          0          0          0          0          0          0          0          0          0          0          0          0          0          0     0.5932     0.1698          0          0     0.4667    0.05691     0.3718     0.4249         76        256: 22% ━━╸───────── 103/459 4.4it/s 28.4s<1:20
[K     25/120      2.56G     0.7834     0.3838     0.8052          0          0          0          0          0          0          0   0.001939  2.665e-05          0          0          0          0          0          0          0          0          0          0          0          0          0          0     0.5933     0.1698          0          0     0.4667    0.05693      0.372     0.4249         64        256: 23% ━━╸───────── 104/459 5.4it/s 28.5s<1:06
[K     25/120      2.56G     0.7824     0.3836     0.8053          0          0          0          0          0          0          0   0.001939  2.661e-05          0          0          0          0          0          0          0          0          0          0          0          0          0          0     0.5936     0.1698          0          0     0.4667    0.05692     0.3721     0.4249         60        256: 23% ━━╸───────── 105/459 4.5it/s 28.9s<1:19
[K     25/120      2.56G     0.7841     0.3842     0.8053          0          0          0          0          0          0          0    0.00194  2.657e-05          0          0          0          0          0          0          0          0          0          0          0          0          0          0     0.5925     0.1698          0          0     0.4667    0.05691     0.3721     0.4249        100        256: 23% ━━╸───────── 106/459 5.5it/s 29.1s<1:04
[K     25/120      2.56G     0.7848     0.3841     0.8053          0          0          0          0          0          0          0   0.001941  2.687e-05          0          0          0          0          0          0          0          0          0          0          0          0          0          0     0.5919     0.1698          0          0     0.4667    0.05693     0.3721     0.4249         99        256: 23% ━━╸───────── 107/459 4.6it/s 29.5s<1:16
[K     25/120      2.56G     0.7852     0.3841     0.8055          0          0          0          0          0          0          0   0.001939  2.707e-05          0          0          0          0          0          0          0          0          0          0          0          0          0          0     0.5919     0.1698          0          0     0.4667    0.05692     0.3721     0.4249         47        256: 24% ━━╸───────── 108/459 4.9it/s 29.6s<1:11
[K     25/120      2.56G     0.7867     0.3847     0.8054          0          0          0          0          0          0          0   0.001941  2.707e-05          0          0          0          0          0          0          0          0          0          0          0          0          0          0     0.5913     0.1698          0          0     0.4667    0.05692     0.3721     0.4249        125        256: 24% ━━╸───────── 109/459 4.2it/s 30.0s<1:23
[K     25/120      2.56G     0.7862     0.3843     0.8057          0          0          0          0          0          0          0   0.001942  2.695e-05          0          0          0          0          0          0          0          0          0          0          0          0          0          0     0.5913     0.1699          0          0     0.4667    0.05693     0.3722     0.4249         81        256: 24% ━━╸───────── 110/459 5.0it/s 30.2s<1:10
[K     25/120      2.56G     0.7863     0.3844     0.8053          0          0          0          0          0          0          0   0.001938  2.706e-05          0          0          0          0          0          0          0          0          0          0          0          0          0          0      0.591     0.1698          0          0     0.4667    0.05695     0.3721     0.4248         48        256: 24% ━━╸───────── 111/459 4.3it/s 30.5s<1:20
[K     25/120      2.56G     0.7888     0.3853     0.8053          0          0          0          0          0          0          0   0.001936  2.722e-05          0          0          0          0          0          0          0          0          0          0          0          0          0          0     0.5899     0.1698          0          0     0.4666    0.05696      0.372     0.4248        102        256: 24% ━━╸───────── 112/459 5.3it/s 30.7s<1:05
[K     25/120      2.56G     0.7896     0.3853     0.8052          0          0          0          0          0          0          0   0.001935  2.718e-05          0          0          0          0          0          0          0          0          0          0          0          0          0          0      0.589     0.1698          0          0     0.4667    0.05694     0.3718     0.4248         99        256: 25% ━━╸───────── 113/459 4.4it/s 31.1s<1:19
[K     25/120      2.56G     0.7881     0.3847     0.8052          0          0          0          0          0          0          0   0.001935  2.708e-05          0          0          0          0          0          0          0          0          0          0          0          0          0          0     0.5896     0.1698          0          0     0.4667    0.05694     0.3719     0.4248         59        256: 25% ━━╸───────── 114/459 5.0it/s 31.3s<1:09
[K     25/120      2.56G     0.7872     0.3846     0.8052          0          0          0          0          0          0          0   0.001934    2.7e-05          0          0          0          0          0          0          0          0          0          0          0          0          0          0     0.5893     0.1698          0          0     0.4667    0.05695      0.372     0.4248         55        256: 25% ━━━───────── 115/459 4.2it/s 31.7s<1:21
[K     25/120      2.56G     0.7883     0.3849      0.805          0          0          0          0          0          0          0   0.001932  2.706e-05          0          0          0          0          0          0          0          0          0          0          0          0          0          0     0.5892     0.1697          0          0     0.4667    0.05694     0.3718     0.4248         80        256: 25% ━━━───────── 116/459 5.2it/s 31.8s<1:06
[K     25/120      2.56G     0.7918     0.3859     0.8047          0          0          0          0          0          0          0   0.001931  2.719e-05          0          0          0          0          0          0          0          0          0          0          0          0          0          0     0.5881     0.1697          0          0     0.4666    0.05693     0.3716     0.4248        153        256: 25% ━━━───────── 117/459 4.3it/s 32.2s<1:19
[K     25/120      2.56G     0.7894     0.3851     0.8046          0          0          0          0          0          0          0   0.001934  2.713e-05          0          0          0          0          0          0          0          0          0          0          0          0          0          0      0.589     0.1697          0          0     0.4666    0.05692     0.3717     0.4248         70        256: 26% ━━━───────── 118/459 5.4it/s 32.4s<1:03
[K     25/120      2.56G     0.7913     0.3857     0.8047          0          0          0          0          0          0          0   0.001937  2.712e-05          0          0          0          0          0          0          0          0          0          0          0          0          0          0     0.5883     0.1698          0          0     0.4667    0.05692     0.3716     0.4248        176        256: 26% ━━━───────── 119/459 4.5it/s 32.8s<1:16
[K     25/120      2.56G     0.7909     0.3854     0.8044          0          0          0          0          0          0          0   0.001935  2.701e-05          0          0          0          0          0          0          0          0          0          0          0          0          0          0     0.5882     0.1697          0          0     0.4666    0.05693     0.3715     0.4248         68        256: 26% ━━━───────── 120/459 5.1it/s 32.9s<1:06
[K     25/120      2.56G     0.7909     0.3854     0.8046          0          0          0          0          0          0          0   0.001936  2.691e-05          0          0          0          0          0          0          0          0          0          0          0          0          0          0     0.5882     0.1698          0          0     0.4666    0.05693     0.3717     0.4248         70        256: 26% ━━━───────── 121/459 4.3it/s 33.3s<1:18
[K     25/120      2.56G     0.7926     0.3859     0.8045          0          0          0          0          0          0          0   0.001936  2.689e-05          0          0          0          0          0          0          0          0          0          0          0          0          0          0     0.5876     0.1697          0          0     0.4666    0.05692     0.3716     0.4248        131        256: 27% ━━━───────── 122/459 5.1it/s 33.5s<1:06

====================================================================================================
FILE /root/shared-nvme/LADD_public_p1/logs/formal_nomosaic_20260528/ladd/formal_nomosaic_yolo11s_cap2_s0_bentrance_S4_base_a2last_kdramp_b120_after67b_gpu1/b/manifest.txt
[keyword_hits]
21: warmup_epochs=0
22: warmup_bias_lr=0.001
23: warmup_momentum=
24: freeze_bn_stats=1
25: freeze_bn_after_epoch=-1
31: ladd_kd_decay_mode=warmup_linear
36: ladd_b_det_only=0
37: ladd_a2_det_only=0
40: b_split_load_strict=1
[tail]
server_tag=shared_nvme_gpu1
task=hbb
phase=b
run_tag=formal_nomosaic_yolo11s_cap2_s0_bentrance_S4_base_a2last_kdramp_b120_after67b
model=runs_public/ogsod/hbb/formal_nomosaic_20260528/baselines/sar/sar_yolo11s_hbb_800ep_cos_nomosaic_albu_b64_s0/weights/best.pt
sar_baseline=runs_public/ogsod/hbb/formal_nomosaic_20260528/baselines/sar/sar_yolo11s_hbb_800ep_cos_nomosaic_albu_b64_s0/weights/best.pt
rgb_teacher=runs_public/ogsod/hbb/formal_nomosaic_20260528/baselines/rgb/rgb_yolo11s_hbb_800ep_cos_nomosaic_albu_b64_s0/weights/best.pt
data_cfg=/root/shared-nvme/LADD_public/configs/datasets/ogsod_hbb_sar.yaml
teacher_data_cfg=/root/shared-nvme/LADD_public/configs/datasets/ogsod_hbb_rgb.yaml
project_dir=runs_public/ogsod/hbb/formal_nomosaic_20260528/ladd/yolo11s/cap2
run_name=ladd_hbb_ogsod11s_formal_nomosaic_yolo11s_cap2_s0_bentrance_S4_base_a2last_kdramp_b120_after67b_b_e120_b64_s0_gpu1
resume_from=
seed=0
epochs=120
batch_size=64
cos_lr=1
lr0=0.001
lrf=0.01
optimizer=MuSGD
warmup_epochs=0
warmup_bias_lr=0.001
warmup_momentum=
freeze_bn_stats=1
freeze_bn_after_epoch=-1
ladd_diag_log_bn=1
ladd_diag_log_grad=0
ladd_grad_clip_norm=0.0
ladd_assert_phase_freeze=1
ladd_diag_log_every=1
ladd_kd_decay_mode=warmup_linear
ladd_kd_decay_start_epoch=50
ladd_kd_decay_end_epoch=100
ladd_kd_final_mult=1.0
ladd_kd_stop_after_epoch=-1
ladd_b_det_only=0
ladd_a2_det_only=0
b_detector_source=runs_public/ogsod/hbb/formal_nomosaic_20260528/baselines/sar/sar_yolo11s_hbb_800ep_cos_nomosaic_albu_b64_s0/weights/best.pt
b_decomp_source=runs_public/ogsod/hbb/formal_nomosaic_20260528/ladd/yolo11s/cap2/ladd_hbb_ogsod11s_formal_nomosaic_yolo11s_cap2_s0_diag_a2damage_s_s0_a2lr3e4_b1_a2_e50_b64_s0_gpu1/weights/last.pt
b_split_load_strict=1
b_reset_student_from_scratch=1
b_load_student_split=0
b_load_student_reachability=1
b_load_student_aux=0
alpha_kd=1.0
lambda_reach=1.0
lambda_match_inner=1.0
lambda_rank_inner=1.0
lambda_residual_aux=0.25
close_at_epoch=120
close_mosaic=0
student_branch_mode=split
alpha_s_rec=0.1
comparison_kd_profile=none
profile_kd_weight=1.0
profile_kd_replace_base=0
fgd_alpha=0.0001
fgd_beta=0.00005
fgd_gamma=0.001
fgd_lambda=0.0
fgd_normalization_mode=original
fgd_temperature=0.5
fgd_mask_mode=gt_box
fgd_bg_norm=1
ld_temperature=10.0
ld_use_vlr=1
ld_quality_power=1.0
ld_min_vlr_weight=0.0
ld_vlr_topk=0
ld_vlr_weight=0.25
ld_main_weight=0.25
ld_allow_empty_vlr=1
cclkd_base_temperature=2.0
cclkd_contrastive_temperature=0.1
cclkd_feat_weight=1.0
cclkd_contrast_weight=0.5
cclkd_bg_weight=0.1
cclkd_min_confidence=0.1
cclkd_temperature_min=0.5
cclkd_temperature_max=5.0
cclkd_entropy_scale=5.0

====================================================================================================
FILE /root/shared-nvme/LADD_public_p1/logs/formal_nomosaic_20260528/ladd/formal_nomosaic_yolo11s_cap2_s0_bentrance_S4_base_a2last_kdramp_b120_after67b_gpu1/b/master.log
[keyword_hits]
[tail]
[2026-06-13 15:02:55] Launching OGSOD hbb LADD phase b: ladd_hbb_ogsod11s_formal_nomosaic_yolo11s_cap2_s0_bentrance_S4_base_a2last_kdramp_b120_after67b_b_e120_b64_s0_gpu1

====================================================================================================
FILE /root/shared-nvme/LADD_public_p1/logs/formal_nomosaic_20260528/ladd/formal_nomosaic_yolo11s_cap2_s0_bentrance_S4_base_a2last_kdramp_b120_after67b_gpu1/chain.log
[keyword_hits]
[tail]
[2026-06-13 15:02:55] phase=b model=runs_public/ogsod/hbb/formal_nomosaic_20260528/baselines/sar/sar_yolo11s_hbb_800ep_cos_nomosaic_albu_b64_s0/weights/best.pt

====================================================================================================
FILE /root/shared-nvme/LADD_public_p1/logs/formal_nomosaic_20260528/ladd/formal_nomosaic_yolo11s_cap2_s0_bentrance_S4_base_a2last_kdramp_b120_after67b_gpu1/manifest.txt
[keyword_hits]
16: a2_schedule=optimizer=MuSGD, lr0=0.001, lrf=0.01, warmup_epochs=0, warmup_bias_lr=0.001
17: b_schedule=optimizer=MuSGD, cos_lr=1, lr0=0.001, lrf=0.01, warmup_epochs=0, warmup_bias_lr=0.001, close_at_epoch=120
26: b_freeze_bn_after_epoch=-1
32: ladd_kd_decay_mode=warmup_linear
37: ladd_b_det_only=0
38: ladd_a2_det_only=0
39: validate_before_train=1
42: b_split_load_strict=1
[tail]
git_commit=67b2404579039aec2ab15babf6c49d63e359ac03
server_tag=shared_nvme_gpu1
task=hbb
chain=b
run_tag=formal_nomosaic_yolo11s_cap2_s0_bentrance_S4_base_a2last_kdramp_b120_after67b
start_model=runs_public/ogsod/hbb/formal_nomosaic_20260528/baselines/sar/sar_yolo11s_hbb_800ep_cos_nomosaic_albu_b64_s0/weights/best.pt
sar_baseline=runs_public/ogsod/hbb/formal_nomosaic_20260528/baselines/sar/sar_yolo11s_hbb_800ep_cos_nomosaic_albu_b64_s0/weights/best.pt
rgb_teacher=runs_public/ogsod/hbb/formal_nomosaic_20260528/baselines/rgb/rgb_yolo11s_hbb_800ep_cos_nomosaic_albu_b64_s0/weights/best.pt
seed=0
gpu_id=1
imgsz=256
batch_size=64
epochs_a1=10
epochs_a2=50
epochs_b=120
a2_schedule=optimizer=MuSGD, lr0=0.001, lrf=0.01, warmup_epochs=0, warmup_bias_lr=0.001
b_schedule=optimizer=MuSGD, cos_lr=1, lr0=0.001, lrf=0.01, warmup_epochs=0, warmup_bias_lr=0.001, close_at_epoch=120
alpha_kd=1.0
alpha_s_rec=0.1
alpha_sep=0.05
lambda_reach=1.0
lambda_match_inner=1.0
lambda_rank_inner=1.0
lambda_residual_aux=0.25
residual_aux_mode=energy
b_freeze_bn_after_epoch=-1
ladd_diag_log_bn=1
ladd_diag_log_grad=0
ladd_grad_clip_norm=0.0
ladd_assert_phase_freeze=1
ladd_diag_log_every=1
ladd_kd_decay_mode=warmup_linear
ladd_kd_decay_start_epoch=50
ladd_kd_decay_end_epoch=100
ladd_kd_final_mult=1.0
ladd_kd_stop_after_epoch=-1
ladd_b_det_only=0
ladd_a2_det_only=0
validate_before_train=1
b_detector_source=runs_public/ogsod/hbb/formal_nomosaic_20260528/baselines/sar/sar_yolo11s_hbb_800ep_cos_nomosaic_albu_b64_s0/weights/best.pt
b_decomp_source=runs_public/ogsod/hbb/formal_nomosaic_20260528/ladd/yolo11s/cap2/ladd_hbb_ogsod11s_formal_nomosaic_yolo11s_cap2_s0_diag_a2damage_s_s0_a2lr3e4_b1_a2_e50_b64_s0_gpu1/weights/last.pt
b_split_load_strict=1
b_reset_student_from_scratch=1
b_load_student_split=0
b_load_student_reachability=1
b_load_student_aux=0
rank_d_neg_cap=2.0
lambda_anti_collapse=0.0
anti_collapse_floor=0.0

====================================================================================================
FILE /root/shared-nvme/LADD_public_p1/logs/formal_nomosaic_20260528/ladd/formal_nomosaic_yolo11s_cap2_s0_bentrance_S4_base_a2last_kdramp_b120_after67b_retry_strict_b64_gpu0.outer.log
[keyword_hits]
[tail]
[2026-06-13 18:59:30] phase=b model=runs_public/ogsod/hbb/formal_nomosaic_20260528/baselines/sar/sar_yolo11s_hbb_800ep_cos_nomosaic_albu_b64_s0/weights/best.pt
[2026-06-13 18:59:30] Launching OGSOD hbb LADD phase b: ladd_hbb_ogsod11s_formal_nomosaic_yolo11s_cap2_s0_bentrance_S4_base_a2last_kdramp_b120_after67b_retry_strict_b64_b_e120_b64_s0_gpu0

====================================================================================================
FILE /root/shared-nvme/LADD_public_p1/logs/formal_nomosaic_20260528/ladd/formal_nomosaic_yolo11s_cap2_s0_bentrance_S4_base_a2last_kdramp_b120_after67b_retry_strict_b64_gpu0/b/b.log
[keyword_hits]
2:  python3 ladd/code_versions/current_hbb/tools/train_ladd_hbb.py --phase b --model runs_public/ogsod/hbb/formal_nomosaic_20260528/baselines/sar/sar_yolo11s_hbb_800ep_cos_nomosaic_albu_b64_s0/weights/best.pt --data /root/shared-nvme/LADD_public/configs/datasets/ogsod_hbb_sar.yaml --teacher-data /root/shared-nvme/LADD_public/configs/datasets/ogsod_hbb_rgb.yaml --teacher-weights runs_public/ogsod/hbb/formal_nomosaic_20260528/baselines/rgb/rgb_yolo11s_hbb_800ep_cos_nomosaic_albu_b64_s0/weights/best.pt --imgsz 256 --epochs 120 --batch 64 --workers 8 --device 0 --patience 120 --fraction 1.0 --project runs_public/ogsod/hbb/formal_nomosaic_20260528/ladd/yolo11s/cap2 --name ladd_hbb_ogsod11s_formal_nomosaic_yolo11s_cap2_s0_bentrance_S4_base_a2last_kdramp_b120_after67b_retry_strict_b64_b_e120_b64_s0_gpu0 --phase-detect-mode raw --det-loss-scale 1.0 --phase-stop-metric default --freeze-bn-after-epoch -1 --ladd-diag-log-bn 1 --ladd-diag-log-grad 0 --ladd-grad-clip-norm 0.0 --ladd-diag-log-every 1 -
5: [34m[1mengine/trainer: [0magnostic_nms=False, amp=True, angle=1.0, augment=False, auto_augment=randaugment, batch=64, bgr=0.0, box=7.5, cache=False, cfg=None, classes=None, close_mosaic=0, cls=0.5, compile=False, conf=None, copy_paste=0.0, copy_paste_mode=flip, cos_lr=True, cutmix=0.0, data=/root/shared-nvme/LADD_public/configs/datasets/ogsod_hbb_sar.yaml, degrees=0.0, deterministic=True, device=0, dfl=1.5, dnn=False, dropout=0.0, dynamic=False, embed=None, end2end=None, epochs=120, erasing=0.0, exist_ok=False, fliplr=0.5, flipud=0.0, format=torchscript, fraction=1.0, freeze=None, half=False, hsv_h=0.0, hsv_s=0.0, hsv_v=0.0, imgsz=256, int8=False, iou=0.7, keras=False, kobj=1.0, line_width=None, lr0=0.001, lrf=0.01, mask_ratio=4, max_det=300, mixup=0.0, mode=train, model=runs_public/ogsod/hbb/formal_nomosaic_20260528/baselines/sar/sar_yolo11s_hbb_800ep_cos_nomosaic_albu_b64_s0/weights/best.pt, momentum=0.937, mosaic=0.0, multi_scale=0.0, name=ladd_hbb_ogsod11s_formal_nomosaic_yolo11
47: Manual phase 'b': applied split-load initialization detector_source=/root/shared-nvme/archive/ladd_pre_public_20260604_220559/runs_public/ogsod/hbb/formal_nomosaic_20260528/baselines/sar/sar_yolo11s_hbb_800ep_cos_nomosaic_albu_b64_s0/weights/best.pt decomp_source=/root/shared-nvme/LADD_public/runs_public/ogsod/hbb/formal_nomosaic_20260528/ladd/yolo11s/cap2/ladd_hbb_ogsod11s_formal_nomosaic_yolo11s_cap2_s0_diag_a2damage_s_s0_a2lr3e4_b1_a2_e50_b64_s0_gpu1/weights/last.pt strict=True manifest=/root/shared-nvme/LADD_public/runs_public/ogsod/hbb/formal_nomosaic_20260528/ladd/yolo11s/cap2/ladd_hbb_ogsod11s_formal_nomosaic_yolo11s_cap2_s0_bentrance_S4_base_a2last_kdramp_b120_after67b_retry_strict_b64_b_e120_b64_s0_gpu0/b_split_load_manifest.json
49: ladd_phase_diag phase=b trainable_params=12536281/23919080 bn_eval=81/81 freeze_bn_stats=True freeze_bn_after_epoch=-1 ladd_assert_phase_freeze=True alpha_kd=1.0 base_alpha_kd=1.0 effective_alpha_kd=0.0 kd_multiplier=0.0 kd_warmup_active=True ladd_kd_decay_mode=warmup_linear ladd_kd_decay_start_epoch=50 ladd_kd_decay_end_epoch=100 ladd_kd_final_mult=1.0 ladd_kd_stop_after_epoch=-1 ladd_b_det_only=False ladd_a2_det_only=False ladd_diag_log_grad=False ladd_grad_clip=ULTRALYTICS_DEFAULT ladd_grad_clip_norm=0.0 effective_grad_clip_norm=10.0
91: Saved pre-train validation snapshot to /root/shared-nvme/LADD_public/runs_public/ogsod/hbb/formal_nomosaic_20260528/ladd/yolo11s/cap2/ladd_hbb_ogsod11s_formal_nomosaic_yolo11s_cap2_s0_bentrance_S4_base_a2last_kdramp_b120_after67b_retry_strict_b64_b_e120_b64_s0_gpu0/initial_val_metrics.json
[tail]
[K      7/120      4.03G     0.8075     0.3877     0.8035          0          0          0          0          0          0          0   0.006383   0.001361          0          0          0          0          0          0          0          0          0          0          0          0          0          0     0.6891     0.3224          0          0     0.4667    0.05713     0.3777      0.429        133        256: 80% ━━━━━━━━━╸── 184/230 1.9it/s 1:13<24.1s
[K      7/120      4.03G     0.8069     0.3877     0.8035          0          0          0          0          0          0          0   0.006383   0.001362          0          0          0          0          0          0          0          0          0          0          0          0          0          0     0.6894     0.3224          0          0     0.4667    0.05713     0.3776      0.429        120        256: 80% ━━━━━━━━━╸── 185/230 1.9it/s 1:13<23.5s
[K      7/120      4.03G     0.8066     0.3877     0.8036          0          0          0          0          0          0          0   0.006383   0.001361          0          0          0          0          0          0          0          0          0          0          0          0          0          0     0.6894     0.3224          0          0     0.4667    0.05713     0.3776      0.429        150        256: 81% ━━━━━━━━━╸── 186/230 1.9it/s 1:14<22.9s
[K      7/120      4.03G     0.8061     0.3876     0.8036          0          0          0          0          0          0          0   0.006383   0.001362          0          0          0          0          0          0          0          0          0          0          0          0          0          0     0.6895     0.3224          0          0     0.4667    0.05712     0.3777      0.429        122        256: 81% ━━━━━━━━━╸── 187/230 1.9it/s 1:14<22.3s
[K      7/120      4.03G      0.806     0.3876     0.8038          0          0          0          0          0          0          0   0.006384   0.001362          0          0          0          0          0          0          0          0          0          0          0          0          0          0     0.6897     0.3223          0          0     0.4667    0.05711     0.3777     0.4289        166        256: 82% ━━━━━━━━━╸── 188/230 2.0it/s 1:15<21.5s
[K      7/120      4.03G     0.8054     0.3874     0.8039          0          0          0          0          0          0          0   0.006383   0.001361          0          0          0          0          0          0          0          0          0          0          0          0          0          0     0.6898     0.3223          0          0     0.4667    0.05711     0.3777     0.4289        104        256: 82% ━━━━━━━━━╸── 189/230 1.9it/s 1:15<21.2s
[K      7/120      4.03G     0.8048     0.3874     0.8038          0          0          0          0          0          0          0   0.006382   0.001361          0          0          0          0          0          0          0          0          0          0          0          0          0          0     0.6902     0.3223          0          0     0.4667    0.05711     0.3777     0.4289        116        256: 83% ━━━━━━━━━╸── 190/230 1.9it/s 1:16<20.6s
[K      7/120      4.03G     0.8045     0.3873     0.8037          0          0          0          0          0          0          0   0.006383   0.001362          0          0          0          0          0          0          0          0          0          0          0          0          0          0     0.6903     0.3223          0          0     0.4667    0.05711     0.3777     0.4289        149        256: 83% ━━━━━━━━━╸── 191/230 1.9it/s 1:16<20.0s
[K      7/120      4.03G     0.8041     0.3871     0.8037          0          0          0          0          0          0          0   0.006383   0.001362          0          0          0          0          0          0          0          0          0          0          0          0          0          0     0.6905     0.3223          0          0     0.4667    0.05711     0.3777     0.4289        165        256: 83% ━━━━━━━━━━── 192/230 1.9it/s 1:17<19.9s
[K      7/120      4.03G     0.8049     0.3872     0.8037          0          0          0          0          0          0          0   0.006382   0.001362          0          0          0          0          0          0          0          0          0          0          0          0          0          0     0.6906     0.3223          0          0     0.4667    0.05711     0.3776     0.4288        175        256: 84% ━━━━━━━━━━── 193/230 1.9it/s 1:18<20.0s
[K      7/120      4.03G     0.8042     0.3871     0.8039          0          0          0          0          0          0          0   0.006383   0.001362          0          0          0          0          0          0          0          0          0          0          0          0          0          0     0.6906     0.3223          0          0     0.4667    0.05712     0.3776     0.4288        130        256: 84% ━━━━━━━━━━── 194/230 1.9it/s 1:18<19.4s
[K      7/120      4.03G     0.8039     0.3871     0.8038          0          0          0          0          0          0          0   0.006384   0.001362          0          0          0          0          0          0          0          0          0          0          0          0          0          0     0.6907     0.3223          0          0     0.4667    0.05713     0.3776     0.4288        154        256: 85% ━━━━━━━━━━── 195/230 1.9it/s 1:19<18.6s
[K      7/120      4.03G     0.8033     0.3869     0.8039          0          0          0          0          0          0          0   0.006385   0.001362          0          0          0          0          0          0          0          0          0          0          0          0          0          0     0.6908     0.3222          0          0     0.4667    0.05714     0.3776     0.4288        112        256: 85% ━━━━━━━━━━── 196/230 1.9it/s 1:19<17.7s
[K      7/120      4.03G     0.8031     0.3868     0.8039          0          0          0          0          0          0          0   0.006386   0.001362          0          0          0          0          0          0          0          0          0          0          0          0          0          0      0.691     0.3222          0          0     0.4667    0.05714     0.3776     0.4288        138        256: 86% ━━━━━━━━━━── 197/230 2.0it/s 1:20<16.9s
[K      7/120      4.03G     0.8041      0.387     0.8039          0          0          0          0          0          0          0   0.006386   0.001363          0          0          0          0          0          0          0          0          0          0          0          0          0          0     0.6908     0.3222          0          0     0.4667    0.05714     0.3776     0.4288        289        256: 86% ━━━━━━━━━━── 198/230 1.9it/s 1:20<16.6s
[K      7/120      4.03G     0.8038     0.3869     0.8039          0          0          0          0          0          0          0   0.006386   0.001363          0          0          0          0          0          0          0          0          0          0          0          0          0          0      0.691     0.3222          0          0     0.4667    0.05713     0.3776     0.4287        124        256: 87% ━━━━━━━━━━── 199/230 2.0it/s 1:21<15.8s
[K      7/120      4.03G     0.8031     0.3866      0.804          0          0          0          0          0          0          0   0.006386   0.001364          0          0          0          0          0          0          0          0          0          0          0          0          0          0     0.6911     0.3222          0          0     0.4667    0.05713     0.3776     0.4287        128        256: 87% ━━━━━━━━━━── 200/230 2.0it/s 1:21<15.0s
[K      7/120      4.03G     0.8037     0.3867      0.804          0          0          0          0          0          0          0   0.006386   0.001365          0          0          0          0          0          0          0          0          0          0          0          0          0          0     0.6913     0.3222          0          0     0.4667    0.05712     0.3776     0.4287        200        256: 87% ━━━━━━━━━━── 201/230 2.0it/s 1:22<14.3s
[K      7/120      4.03G     0.8044     0.3872      0.804          0          0          0          0          0          0          0   0.006385   0.001366          0          0          0          0          0          0          0          0          0          0          0          0          0          0     0.6915     0.3222          0          0     0.4667    0.05713     0.3775     0.4287        114        256: 88% ━━━━━━━━━━╸─ 202/230 2.0it/s 1:22<13.9s
[K      7/120      4.03G     0.8045     0.3872     0.8039          0          0          0          0          0          0          0   0.006385   0.001366          0          0          0          0          0          0          0          0          0          0          0          0          0          0     0.6916     0.3222          0          0     0.4667    0.05713     0.3775     0.4287        173        256: 88% ━━━━━━━━━━╸─ 203/230 2.0it/s 1:23<13.5s
[K      7/120      4.03G     0.8039     0.3871      0.804          0          0          0          0          0          0          0   0.006385   0.001366          0          0          0          0          0          0          0          0          0          0          0          0          0          0     0.6918     0.3222          0          0     0.4667    0.05712     0.3775     0.4287        108        256: 89% ━━━━━━━━━━╸─ 204/230 2.0it/s 1:23<12.9s
[K      7/120      4.03G     0.8042     0.3871     0.8041          0          0          0          0          0          0          0   0.006384   0.001366          0          0          0          0          0          0          0          0          0          0          0          0          0          0      0.692     0.3222          0          0     0.4667    0.05712     0.3775     0.4286        151        256: 89% ━━━━━━━━━━╸─ 205/230 2.0it/s 1:24<12.4s
[K      7/120      4.03G     0.8038     0.3869     0.8041          0          0          0          0          0          0          0   0.006384   0.001365          0          0          0          0          0          0          0          0          0          0          0          0          0          0     0.6922     0.3222          0          0     0.4667    0.05712     0.3775     0.4286        162        256: 90% ━━━━━━━━━━╸─ 206/230 2.0it/s 1:24<12.0s
[K      7/120      4.03G     0.8037     0.3869      0.804          0          0          0          0          0          0          0   0.006385   0.001365          0          0          0          0          0          0          0          0          0          0          0          0          0          0     0.6924     0.3221          0          0     0.4667    0.05711     0.3774     0.4286        180        256: 90% ━━━━━━━━━━╸─ 207/230 2.0it/s 1:25<11.5s
[K      7/120      4.03G     0.8036     0.3868     0.8038          0          0          0          0          0          0          0   0.006384   0.001365          0          0          0          0          0          0          0          0          0          0          0          0          0          0     0.6926     0.3221          0          0     0.4667    0.05711     0.3774     0.4286        116        256: 90% ━━━━━━━━━━╸─ 208/230 2.0it/s 1:25<11.0s
[K      7/120      4.03G     0.8039     0.3869     0.8039          0          0          0          0          0          0          0   0.006383   0.001365          0          0          0          0          0          0          0          0          0          0          0          0          0          0     0.6927     0.3221          0          0     0.4667    0.05711     0.3774     0.4286        184        256: 91% ━━━━━━━━━━╸─ 209/230 2.0it/s 1:26<10.5s
[K      7/120      4.03G     0.8039     0.3869      0.804          0          0          0          0          0          0          0   0.006383   0.001364          0          0          0          0          0          0          0          0          0          0          0          0          0          0     0.6927     0.3221          0          0     0.4667    0.05712     0.3773     0.4285        170        256: 91% ━━━━━━━━━━╸─ 210/230 2.1it/s 1:26<9.8s
[K      7/120      4.03G     0.8034     0.3866      0.804          0          0          0          0          0          0          0   0.006384   0.001364          0          0          0          0          0          0          0          0          0          0          0          0          0          0     0.6929     0.3221          0          0     0.4667    0.05712     0.3774     0.4285        123        256: 92% ━━━━━━━━━━━─ 211/230 2.1it/s 1:26<9.2s
[K      7/120      4.03G     0.8031     0.3866     0.8041          0          0          0          0          0          0          0   0.006384   0.001364          0          0          0          0          0          0          0          0          0          0          0          0          0          0      0.693     0.3221          0          0     0.4667    0.05712     0.3774     0.4285        142        256: 92% ━━━━━━━━━━━─ 212/230 2.1it/s 1:27<8.6s
[K      7/120      4.03G     0.8036     0.3868     0.8041          0          0          0          0          0          0          0   0.006383   0.001365          0          0          0          0          0          0          0          0          0          0          0          0          0          0     0.6932     0.3221          0          0     0.4667    0.05712     0.3773     0.4285        132        256: 93% ━━━━━━━━━━━─ 213/230 2.1it/s 1:27<8.2s
[K      7/120      4.03G     0.8034     0.3868      0.804          0          0          0          0          0          0          0   0.006382   0.001364          0          0          0          0          0          0          0          0          0          0          0          0          0          0     0.6935     0.3221          0          0     0.4667    0.05712     0.3773     0.4285        134        256: 93% ━━━━━━━━━━━─ 214/230 2.1it/s 1:28<7.8s
[K      7/120      4.03G     0.8036     0.3869     0.8042          0          0          0          0          0          0          0   0.006381   0.001364          0          0          0          0          0          0          0          0          0          0          0          0          0          0     0.6937     0.3221          0          0     0.4667    0.05712     0.3772     0.4285        137        256: 93% ━━━━━━━━━━━─ 215/230 2.0it/s 1:28<7.4s
[K      7/120      4.03G     0.8034     0.3868     0.8042          0          0          0          0          0          0          0    0.00638   0.001365          0          0          0          0          0          0          0          0          0          0          0          0          0          0     0.6941     0.3221          0          0     0.4667    0.05712     0.3772     0.4285        102        256: 94% ━━━━━━━━━━━─ 216/230 2.0it/s 1:29<6.9s
[K      7/120      4.03G     0.8033     0.3867     0.8041          0          0          0          0          0          0          0    0.00638   0.001365          0          0          0          0          0          0          0          0          0          0          0          0          0          0     0.6942     0.3221          0          0     0.4667    0.05713     0.3772     0.4285        165        256: 94% ━━━━━━━━━━━─ 217/230 2.0it/s 1:29<6.4s
[K      7/120      4.03G     0.8043     0.3871     0.8041          0          0          0          0          0          0          0   0.006379   0.001366          0          0          0          0          0          0          0          0          0          0          0          0          0          0     0.6942     0.3221          0          0     0.4667    0.05713     0.3772     0.4284        169        256: 95% ━━━━━━━━━━━─ 218/230 2.0it/s 1:30<5.9s
[K      7/120      4.03G     0.8046     0.3872     0.8043          0          0          0          0          0          0          0    0.00638   0.001366          0          0          0          0          0          0          0          0          0          0          0          0          0          0     0.6943     0.3221          0          0     0.4667    0.05713     0.3772     0.4284        155        256: 95% ━━━━━━━━━━━─ 219/230 2.0it/s 1:30<5.4s
[K      7/120      4.03G     0.8061     0.3878     0.8042          0          0          0          0          0          0          0    0.00638   0.001366          0          0          0          0          0          0          0          0          0          0          0          0          0          0     0.6945     0.3221          0          0     0.4667    0.05712     0.3771     0.4284        209        256: 96% ━━━━━━━━━━━─ 220/230 2.1it/s 1:31<4.8s
[K      7/120      4.03G     0.8063     0.3878     0.8043          0          0          0          0          0          0          0   0.006379   0.001366          0          0          0          0          0          0          0          0          0          0          0          0          0          0     0.6947     0.3221          0          0     0.4667    0.05713     0.3771     0.4284        160        256: 96% ━━━━━━━━━━━╸ 221/230 2.2it/s 1:31<4.2s
[K      7/120      4.03G     0.8059     0.3877     0.8044          0          0          0          0          0          0          0    0.00638   0.001366          0          0          0          0          0          0          0          0          0          0          0          0          0          0     0.6948      0.322          0          0     0.4667    0.05713      0.377     0.4284        116        256: 97% ━━━━━━━━━━━╸ 222/230 2.1it/s 1:32<3.7s
[K      7/120      4.03G     0.8059     0.3878     0.8043          0          0          0          0          0          0          0    0.00638   0.001366          0          0          0          0          0          0          0          0          0          0          0          0          0          0     0.6948      0.322          0          0     0.4667    0.05713     0.3771     0.4283        162        256: 97% ━━━━━━━━━━━╸ 223/230 2.1it/s 1:32<3.3s
[K      7/120      4.03G      0.806     0.3877     0.8043          0          0          0          0          0          0          0   0.006381   0.001366          0          0          0          0          0          0          0          0          0          0          0          0          0          0     0.6948      0.322          0          0     0.4667    0.05714     0.3771     0.4283        216        256: 97% ━━━━━━━━━━━╸ 224/230 2.1it/s 1:33<2.9s
[K      7/120      4.03G     0.8061     0.3879     0.8043          0          0          0          0          0          0          0   0.006382   0.001366          0          0          0          0          0          0          0          0          0          0          0          0          0          0     0.6949      0.322          0          0     0.4667    0.05714      0.377     0.4283        185        256: 98% ━━━━━━━━━━━╸ 225/230 2.1it/s 1:33<2.4s
[K      7/120      4.03G      0.806     0.3878     0.8044          0          0          0          0          0          0          0   0.006382   0.001366          0          0          0          0          0          0          0          0          0          0          0          0          0          0      0.695      0.322          0          0     0.4667    0.05714      0.377     0.4283        155        256: 98% ━━━━━━━━━━━╸ 226/230 2.0it/s 1:34<2.0s
[K      7/120      4.03G     0.8067      0.388     0.8043          0          0          0          0          0          0          0   0.006382   0.001367          0          0          0          0          0          0          0          0          0          0          0          0          0          0      0.695      0.322          0          0     0.4667    0.05714     0.3769     0.4283        176        256: 99% ━━━━━━━━━━━╸ 227/230 2.0it/s 1:34<1.5s
[K      7/120      4.03G     0.8066     0.3881     0.8045          0          0          0          0          0          0          0   0.006382   0.001367          0          0          0          0          0          0          0          0          0          0          0          0          0          0     0.6951      0.322          0          0     0.4667    0.05714     0.3769     0.4283        118        256: 99% ━━━━━━━━━━━╸ 228/230 2.1it/s 1:35<1.0s
[K      7/120      4.03G     0.8066      0.388     0.8045          0          0          0          0          0          0          0   0.006385   0.001374          0          0          0          0          0          0          0          0          0          0          0          0          0          0     0.6952      0.322          0          0     0.4667    0.05713      0.377     0.4283         15        256: 100% ━━━━━━━━━━━╸ 229/230 2.1it/s 1:35<0.5s
[K      7/120      4.03G     0.8066      0.388     0.8045          0          0          0          0          0          0          0   0.006385   0.001374          0          0          0          0          0          0          0          0          0          0          0          0          0          0     0.6952      0.322          0          0     0.4667    0.05713      0.377     0.4283         15        256: 100% ━━━━━━━━━━━━ 230/230 2.4it/s 1:35

[K                 Class     Images  Instances      Box(P          R      mAP50  mAP50-95): 3% ──────────── 1/29 5.6s/it 1.7s<2:38
[K                 Class     Images  Instances      Box(P          R      mAP50  mAP50-95): 7% ╸─────────── 2/29 3.4s/it 3.4s<1:30
[K                 Class     Images  Instances      Box(P          R      mAP50  mAP50-95): 10% ━─────────── 3/29 2.6s/it 5.1s<1:07
[K                 Class     Images  Instances      Box(P          R      mAP50  mAP50-95): 14% ━╸────────── 4/29 2.3s/it 6.9s<56.9s
[K                 Class     Images  Instances      Box(P          R      mAP50  mAP50-95): 17% ━━────────── 5/29 2.1s/it 8.6s<49.7s
[K                 Class     Images  Instances      Box(P          R      mAP50  mAP50-95): 21% ━━────────── 6/29 1.9s/it 10.3s<44.8s
[K                 Class     Images  Instances      Box(P          R      mAP50  mAP50-95): 24% ━━╸───────── 7/29 1.9s/it 12.1s<41.7s
[K                 Class     Images  Instances      Box(P          R      mAP50  mAP50-95): 28% ━━━───────── 8/29 1.8s/it 13.7s<37.7s
[K                 Class     Images  Instances      Box(P          R      mAP50  mAP50-95): 31% ━━━╸──────── 9/29 1.8s/it 15.4s<35.6s
[K                 Class     Images  Instances      Box(P          R      mAP50  mAP50-95): 34% ━━━━──────── 10/29 1.7s/it 17.1s<33.0s
[K                 Class     Images  Instances      Box(P          R      mAP50  mAP50-95): 38% ━━━━╸─────── 11/29 1.7s/it 18.8s<31.2s
[K                 Class     Images  Instances      Box(P          R      mAP50  mAP50-95): 41% ━━━━╸─────── 12/29 1.7s/it 20.5s<29.1s
[K                 Class     Images  Instances      Box(P          R      mAP50  mAP50-95): 45% ━━━━━─────── 13/29 1.7s/it 22.2s<27.7s
[K                 Class     Images  Instances      Box(P          R      mAP50  mAP50-95): 48% ━━━━━╸────── 14/29 1.7s/it 23.9s<25.8s
[K                 Class     Images  Instances      Box(P          R      mAP50  mAP50-95): 52% ━━━━━━────── 15/29 1.7s/it 25.7s<24.3s
[K                 Class     Images  Instances      Box(P          R      mAP50  mAP50-95): 55% ━━━━━━╸───── 16/29 1.7s/it 27.5s<22.6s
[K                 Class     Images  Instances      Box(P          R      mAP50  mAP50-95): 59% ━━━━━━━───── 17/29 1.8s/it 29.2s<21.1s
[K                 Class     Images  Instances      Box(P          R      mAP50  mAP50-95): 62% ━━━━━━━───── 18/29 1.8s/it 31.0s<19.3s
[K                 Class     Images  Instances      Box(P          R      mAP50  mAP50-95): 66% ━━━━━━━╸──── 19/29 1.7s/it 32.7s<17.4s
[K                 Class     Images  Instances      Box(P          R      mAP50  mAP50-95): 69% ━━━━━━━━──── 20/29 1.7s/it 34.3s<15.3s
[K                 Class     Images  Instances      Box(P          R      mAP50  mAP50-95): 72% ━━━━━━━━╸─── 21/29 1.7s/it 36.1s<13.7s
[K                 Class     Images  Instances      Box(P          R      mAP50  mAP50-95): 76% ━━━━━━━━━─── 22/29 1.7s/it 37.9s<12.1s
[K                 Class     Images  Instances      Box(P          R      mAP50  mAP50-95): 79% ━━━━━━━━━╸── 23/29 1.7s/it 39.5s<10.3s
[K                 Class     Images  Instances      Box(P          R      mAP50  mAP50-95): 83% ━━━━━━━━━╸── 24/29 1.7s/it 41.3s<8.7s
[K                 Class     Images  Instances      Box(P          R      mAP50  mAP50-95): 86% ━━━━━━━━━━── 25/29 1.8s/it 43.2s<7.1s
[K                 Class     Images  Instances      Box(P          R      mAP50  mAP50-95): 90% ━━━━━━━━━━╸─ 26/29 1.8s/it 44.9s<5.3s
[K                 Class     Images  Instances      Box(P          R      mAP50  mAP50-95): 93% ━━━━━━━━━━━─ 27/29 1.7s/it 46.6s<3.5s
[K                 Class     Images  Instances      Box(P          R      mAP50  mAP50-95): 97% ━━━━━━━━━━━╸ 28/29 1.8s/it 48.5s<1.8s
[K                 Class     Images  Instances      Box(P          R      mAP50  mAP50-95): 100% ━━━━━━━━━━━━ 29/29 1.7s/it 49.6s
                   all       3667       9614      0.919      0.857      0.898      0.612

      Epoch    GPU_mem   box_loss   cls_loss   dfl_loss angle_loss t_rec_loss t_sep_lossreach_match_lossreach_rank_loss  task_loss    kd_loss s_rec_loss s_sep_loss r_aux_loss u_aux_lossmask_reg_lossrecon_task_lossrs_comp_loss r_obb_losss_repel_losspath_b_loss r_sar_loss   dkd_lossproto_cls_loss d_pos_mean d_neg_meanrank_gap_meanr_aux_fg_meanr_aux_bg_meanu_aux_fg_meanu_aux_bg_mean  mask_mean   mask_stdmask_fg_meanmask_bg_mean  Instances       Size

====================================================================================================
FILE /root/shared-nvme/LADD_public_p1/logs/formal_nomosaic_20260528/ladd/formal_nomosaic_yolo11s_cap2_s0_bentrance_S4_base_a2last_kdramp_b120_after67b_retry_strict_b64_gpu0/b/manifest.txt
[keyword_hits]
21: warmup_epochs=0
22: warmup_bias_lr=0.001
23: warmup_momentum=
24: freeze_bn_stats=1
25: freeze_bn_after_epoch=-1
31: ladd_kd_decay_mode=warmup_linear
36: ladd_b_det_only=0
37: ladd_a2_det_only=0
40: b_split_load_strict=1
[tail]
server_tag=shared_nvme_gpu0
task=hbb
phase=b
run_tag=formal_nomosaic_yolo11s_cap2_s0_bentrance_S4_base_a2last_kdramp_b120_after67b_retry_strict_b64
model=runs_public/ogsod/hbb/formal_nomosaic_20260528/baselines/sar/sar_yolo11s_hbb_800ep_cos_nomosaic_albu_b64_s0/weights/best.pt
sar_baseline=runs_public/ogsod/hbb/formal_nomosaic_20260528/baselines/sar/sar_yolo11s_hbb_800ep_cos_nomosaic_albu_b64_s0/weights/best.pt
rgb_teacher=runs_public/ogsod/hbb/formal_nomosaic_20260528/baselines/rgb/rgb_yolo11s_hbb_800ep_cos_nomosaic_albu_b64_s0/weights/best.pt
data_cfg=/root/shared-nvme/LADD_public/configs/datasets/ogsod_hbb_sar.yaml
teacher_data_cfg=/root/shared-nvme/LADD_public/configs/datasets/ogsod_hbb_rgb.yaml
project_dir=runs_public/ogsod/hbb/formal_nomosaic_20260528/ladd/yolo11s/cap2
run_name=ladd_hbb_ogsod11s_formal_nomosaic_yolo11s_cap2_s0_bentrance_S4_base_a2last_kdramp_b120_after67b_retry_strict_b64_b_e120_b64_s0_gpu0
resume_from=
seed=0
epochs=120
batch_size=64
cos_lr=1
lr0=0.001
lrf=0.01
optimizer=MuSGD
warmup_epochs=0
warmup_bias_lr=0.001
warmup_momentum=
freeze_bn_stats=1
freeze_bn_after_epoch=-1
ladd_diag_log_bn=1
ladd_diag_log_grad=0
ladd_grad_clip_norm=0.0
ladd_assert_phase_freeze=1
ladd_diag_log_every=1
ladd_kd_decay_mode=warmup_linear
ladd_kd_decay_start_epoch=50
ladd_kd_decay_end_epoch=100
ladd_kd_final_mult=1.0
ladd_kd_stop_after_epoch=-1
ladd_b_det_only=0
ladd_a2_det_only=0
b_detector_source=runs_public/ogsod/hbb/formal_nomosaic_20260528/baselines/sar/sar_yolo11s_hbb_800ep_cos_nomosaic_albu_b64_s0/weights/best.pt
b_decomp_source=runs_public/ogsod/hbb/formal_nomosaic_20260528/ladd/yolo11s/cap2/ladd_hbb_ogsod11s_formal_nomosaic_yolo11s_cap2_s0_diag_a2damage_s_s0_a2lr3e4_b1_a2_e50_b64_s0_gpu1/weights/last.pt
b_split_load_strict=1
b_reset_student_from_scratch=1
b_load_student_split=0
b_load_student_reachability=1
b_load_student_aux=0
alpha_kd=1.0
lambda_reach=1.0
lambda_match_inner=1.0
lambda_rank_inner=1.0
lambda_residual_aux=0.25
close_at_epoch=120
close_mosaic=0
student_branch_mode=split
alpha_s_rec=0.1
comparison_kd_profile=none
profile_kd_weight=1.0
profile_kd_replace_base=0
fgd_alpha=0.0001
fgd_beta=0.00005
fgd_gamma=0.001
fgd_lambda=0.0
fgd_normalization_mode=original
fgd_temperature=0.5
fgd_mask_mode=gt_box
fgd_bg_norm=1
ld_temperature=10.0
ld_use_vlr=1
ld_quality_power=1.0
ld_min_vlr_weight=0.0
ld_vlr_topk=0
ld_vlr_weight=0.25
ld_main_weight=0.25
ld_allow_empty_vlr=1
cclkd_base_temperature=2.0
cclkd_contrastive_temperature=0.1
cclkd_feat_weight=1.0
cclkd_contrast_weight=0.5
cclkd_bg_weight=0.1
cclkd_min_confidence=0.1
cclkd_temperature_min=0.5
cclkd_temperature_max=5.0
cclkd_entropy_scale=5.0

====================================================================================================
FILE /root/shared-nvme/LADD_public_p1/logs/formal_nomosaic_20260528/ladd/formal_nomosaic_yolo11s_cap2_s0_bentrance_S4_base_a2last_kdramp_b120_after67b_retry_strict_b64_gpu0/b/master.log
[keyword_hits]
[tail]
[2026-06-13 18:59:30] Launching OGSOD hbb LADD phase b: ladd_hbb_ogsod11s_formal_nomosaic_yolo11s_cap2_s0_bentrance_S4_base_a2last_kdramp_b120_after67b_retry_strict_b64_b_e120_b64_s0_gpu0

====================================================================================================
FILE /root/shared-nvme/LADD_public_p1/logs/formal_nomosaic_20260528/ladd/formal_nomosaic_yolo11s_cap2_s0_bentrance_S4_base_a2last_kdramp_b120_after67b_retry_strict_b64_gpu0/chain.log
[keyword_hits]
[tail]
[2026-06-13 18:59:30] phase=b model=runs_public/ogsod/hbb/formal_nomosaic_20260528/baselines/sar/sar_yolo11s_hbb_800ep_cos_nomosaic_albu_b64_s0/weights/best.pt

====================================================================================================
FILE /root/shared-nvme/LADD_public_p1/logs/formal_nomosaic_20260528/ladd/formal_nomosaic_yolo11s_cap2_s0_bentrance_S4_base_a2last_kdramp_b120_after67b_retry_strict_b64_gpu0/manifest.txt
[keyword_hits]
16: a2_schedule=optimizer=MuSGD, lr0=0.001, lrf=0.01, warmup_epochs=0, warmup_bias_lr=0.001
17: b_schedule=optimizer=MuSGD, cos_lr=1, lr0=0.001, lrf=0.01, warmup_epochs=0, warmup_bias_lr=0.001, close_at_epoch=120
26: b_freeze_bn_after_epoch=-1
32: ladd_kd_decay_mode=warmup_linear
37: ladd_b_det_only=0
38: ladd_a2_det_only=0
39: validate_before_train=1
42: b_split_load_strict=1
[tail]
git_commit=c7f309d8bbc5aed195fa565bae9d0526f9aa4291
server_tag=shared_nvme_gpu0
task=hbb
chain=b
run_tag=formal_nomosaic_yolo11s_cap2_s0_bentrance_S4_base_a2last_kdramp_b120_after67b_retry_strict_b64
start_model=
sar_baseline=runs_public/ogsod/hbb/formal_nomosaic_20260528/baselines/sar/sar_yolo11s_hbb_800ep_cos_nomosaic_albu_b64_s0/weights/best.pt
rgb_teacher=runs_public/ogsod/hbb/formal_nomosaic_20260528/baselines/rgb/rgb_yolo11s_hbb_800ep_cos_nomosaic_albu_b64_s0/weights/best.pt
seed=0
gpu_id=0
imgsz=256
batch_size=64
epochs_a1=10
epochs_a2=50
epochs_b=120
a2_schedule=optimizer=MuSGD, lr0=0.001, lrf=0.01, warmup_epochs=0, warmup_bias_lr=0.001
b_schedule=optimizer=MuSGD, cos_lr=1, lr0=0.001, lrf=0.01, warmup_epochs=0, warmup_bias_lr=0.001, close_at_epoch=120
alpha_kd=1.0
alpha_s_rec=0.1
alpha_sep=0.05
lambda_reach=1.0
lambda_match_inner=1.0
lambda_rank_inner=1.0
lambda_residual_aux=0.25
residual_aux_mode=energy
b_freeze_bn_after_epoch=-1
ladd_diag_log_bn=1
ladd_diag_log_grad=0
ladd_grad_clip_norm=0.0
ladd_assert_phase_freeze=1
ladd_diag_log_every=1
ladd_kd_decay_mode=warmup_linear
ladd_kd_decay_start_epoch=50
ladd_kd_decay_end_epoch=100
ladd_kd_final_mult=1.0
ladd_kd_stop_after_epoch=-1
ladd_b_det_only=0
ladd_a2_det_only=0
validate_before_train=1
b_detector_source=runs_public/ogsod/hbb/formal_nomosaic_20260528/baselines/sar/sar_yolo11s_hbb_800ep_cos_nomosaic_albu_b64_s0/weights/best.pt
b_decomp_source=runs_public/ogsod/hbb/formal_nomosaic_20260528/ladd/yolo11s/cap2/ladd_hbb_ogsod11s_formal_nomosaic_yolo11s_cap2_s0_diag_a2damage_s_s0_a2lr3e4_b1_a2_e50_b64_s0_gpu1/weights/last.pt
b_split_load_strict=1
b_reset_student_from_scratch=1
b_load_student_split=0
b_load_student_reachability=1
b_load_student_aux=0
rank_d_neg_cap=2.0
lambda_anti_collapse=0.0
anti_collapse_floor=0.0
