log_extract_for=bentrance_S2_a2best_continue_b100_after67b_retry2_b64_after_oom
generated_at=2026-06-13 19:12:11 CST

====================================================================================================
FILE /root/shared-nvme/LADD_public_p1/logs/formal_nomosaic_20260528/ladd/formal_nomosaic_yolo11s_cap2_s0_bentrance_S2_a2best_continue_b100_after67b_retry2_b64_after_oom_gpu1.outer.log
[keyword_hits]
[tail]
[2026-06-13 16:52:22] phase=b model=runs_public/ogsod/hbb/formal_nomosaic_20260528/ladd/yolo11s/cap2/ladd_hbb_ogsod11s_formal_nomosaic_yolo11s_cap2_s0_diag_a2select_s_s0_a2lr3e4_short13_b1_a2_e13_b64_s0_gpu0/weights/best.pt
[2026-06-13 16:52:22] Launching OGSOD hbb LADD phase b: ladd_hbb_ogsod11s_formal_nomosaic_yolo11s_cap2_s0_bentrance_S2_a2best_continue_b100_after67b_retry2_b64_after_oom_b_e100_b64_s0_gpu1

====================================================================================================
FILE /root/shared-nvme/LADD_public_p1/logs/formal_nomosaic_20260528/ladd/formal_nomosaic_yolo11s_cap2_s0_bentrance_S2_a2best_continue_b100_after67b_retry2_b64_after_oom_gpu1/b/b.log
[keyword_hits]
2:  python3 ladd/code_versions/current_hbb/tools/train_ladd_hbb.py --phase b --model runs_public/ogsod/hbb/formal_nomosaic_20260528/ladd/yolo11s/cap2/ladd_hbb_ogsod11s_formal_nomosaic_yolo11s_cap2_s0_diag_a2select_s_s0_a2lr3e4_short13_b1_a2_e13_b64_s0_gpu0/weights/best.pt --data /root/shared-nvme/LADD_public/configs/datasets/ogsod_hbb_sar.yaml --teacher-data /root/shared-nvme/LADD_public/configs/datasets/ogsod_hbb_rgb.yaml --teacher-weights runs_public/ogsod/hbb/formal_nomosaic_20260528/baselines/rgb/rgb_yolo11s_hbb_800ep_cos_nomosaic_albu_b64_s0/weights/best.pt --imgsz 256 --epochs 100 --batch 64 --workers 8 --device 1 --patience 100 --fraction 1.0 --project runs_public/ogsod/hbb/formal_nomosaic_20260528/ladd/yolo11s/cap2 --name ladd_hbb_ogsod11s_formal_nomosaic_yolo11s_cap2_s0_bentrance_S2_a2best_continue_b100_after67b_retry2_b64_after_oom_b_e100_b64_s0_gpu1 --phase-detect-mode raw --det-loss-scale 1.0 --phase-stop-metric default --freeze-bn-after-epoch -1 --ladd-diag-log-bn 1 --ladd-di
5: [34m[1mengine/trainer: [0magnostic_nms=False, amp=True, angle=1.0, augment=False, auto_augment=randaugment, batch=64, bgr=0.0, box=7.5, cache=False, cfg=None, classes=None, close_mosaic=0, cls=0.5, compile=False, conf=None, copy_paste=0.0, copy_paste_mode=flip, cos_lr=True, cutmix=0.0, data=/root/shared-nvme/LADD_public/configs/datasets/ogsod_hbb_sar.yaml, degrees=0.0, deterministic=True, device=1, dfl=1.5, dnn=False, dropout=0.0, dynamic=False, embed=None, end2end=None, epochs=100, erasing=0.0, exist_ok=False, fliplr=0.5, flipud=0.0, format=torchscript, fraction=1.0, freeze=None, half=False, hsv_h=0.0, hsv_s=0.0, hsv_v=0.0, imgsz=256, int8=False, iou=0.7, keras=False, kobj=1.0, line_width=None, lr0=0.001, lrf=0.01, mask_ratio=4, max_det=300, mixup=0.0, mode=train, model=runs_public/ogsod/hbb/formal_nomosaic_20260528/ladd/yolo11s/cap2/ladd_hbb_ogsod11s_formal_nomosaic_yolo11s_cap2_s0_diag_a2select_s_s0_a2lr3e4_short13_b1_a2_e13_b64_s0_gpu0/weights/best.pt, momentum=0.937, mosaic=0.0
47: ladd_phase_diag phase=b trainable_params=12536281/23919080 bn_eval=81/81 freeze_bn_stats=True freeze_bn_after_epoch=-1 ladd_assert_phase_freeze=True alpha_kd=1.0 base_alpha_kd=1.0 effective_alpha_kd=1.0 kd_multiplier=1.0 kd_warmup_active=False ladd_kd_decay_mode=none ladd_kd_decay_start_epoch=-1 ladd_kd_decay_end_epoch=-1 ladd_kd_final_mult=1.0 ladd_kd_stop_after_epoch=-1 ladd_b_det_only=False ladd_a2_det_only=False ladd_diag_log_grad=False ladd_grad_clip=ULTRALYTICS_DEFAULT ladd_grad_clip_norm=0.0 effective_grad_clip_norm=10.0
89: Saved pre-train validation snapshot to /root/shared-nvme/LADD_public/runs_public/ogsod/hbb/formal_nomosaic_20260528/ladd/yolo11s/cap2/ladd_hbb_ogsod11s_formal_nomosaic_yolo11s_cap2_s0_bentrance_S2_a2best_continue_b100_after67b_retry2_b64_after_oom_b_e100_b64_s0_gpu1/initial_val_metrics.json
[tail]
[K     85/100      3.98G     0.6963     0.3391     0.7925          0          0          0          0          0          0     0.1352    0.00211  0.0001093          0          0          0          0          0          0          0          0          0          0          0          0          0          0     0.5955     0.2057          0          0     0.4678    0.05758      0.378     0.4283        133        256: 16% ━╸────────── 37/230 2.8it/s 13.3s<1:08
[K     85/100      3.98G     0.6981       0.34      0.793          0          0          0          0          0          0     0.1349    0.00211   0.000109          0          0          0          0          0          0          0          0          0          0          0          0          0          0     0.5958     0.2057          0          0     0.4678    0.05754     0.3777     0.4282        168        256: 17% ━╸────────── 38/230 2.9it/s 13.7s<1:07
[K     85/100      3.98G     0.6943     0.3388      0.793          0          0          0          0          0          0     0.1345   0.002114  0.0001089          0          0          0          0          0          0          0          0          0          0          0          0          0          0     0.5945     0.2057          0          0     0.4679    0.05751      0.378     0.4282        113        256: 17% ━━────────── 39/230 2.9it/s 14.0s<1:06
[K     85/100      3.98G     0.6921      0.338     0.7926          0          0          0          0          0          0     0.1339   0.002111  0.0001101          0          0          0          0          0          0          0          0          0          0          0          0          0          0     0.5942     0.2057          0          0     0.4679    0.05756     0.3777     0.4282        127        256: 17% ━━────────── 40/230 2.9it/s 14.4s<1:06
[K     85/100      3.98G      0.694     0.3386     0.7926          0          0          0          0          0          0     0.1333   0.002108  0.0001109          0          0          0          0          0          0          0          0          0          0          0          0          0          0     0.5961     0.2056          0          0     0.4678    0.05756     0.3773     0.4282        192        256: 18% ━━────────── 41/230 2.9it/s 14.7s<1:06
[K     85/100      3.98G     0.6955     0.3393     0.7922          0          0          0          0          0          0     0.1332   0.002103  0.0001108          0          0          0          0          0          0          0          0          0          0          0          0          0          0     0.5983     0.2056          0          0     0.4678    0.05757     0.3772     0.4281        132        256: 18% ━━────────── 42/230 2.9it/s 15.0s<1:05
[K     85/100      3.98G     0.6968     0.3397     0.7929          0          0          0          0          0          0     0.1336     0.0021  0.0001111          0          0          0          0          0          0          0          0          0          0          0          0          0          0     0.5983     0.2056          0          0     0.4678    0.05754     0.3769     0.4281        118        256: 19% ━━────────── 43/230 2.9it/s 15.4s<1:04
[K     85/100      3.98G     0.6988     0.3401     0.7928          0          0          0          0          0          0     0.1336   0.002098  0.0001109          0          0          0          0          0          0          0          0          0          0          0          0          0          0     0.5992     0.2056          0          0     0.4678    0.05752     0.3768     0.4281        173        256: 19% ━━────────── 44/230 2.9it/s 15.7s<1:04
[K     85/100      3.98G     0.7045     0.3415     0.7922          0          0          0          0          0          0     0.1333   0.002096  0.0001124          0          0          0          0          0          0          0          0          0          0          0          0          0          0     0.5993     0.2056          0          0     0.4678    0.05755     0.3767     0.4281        219        256: 20% ━━────────── 45/230 2.9it/s 16.1s<1:04
[K     85/100      3.98G     0.7034     0.3414     0.7922          0          0          0          0          0          0      0.134   0.002094  0.0001134          0          0          0          0          0          0          0          0          0          0          0          0          0          0     0.5998     0.2056          0          0     0.4678    0.05754     0.3767     0.4281        126        256: 20% ━━────────── 46/230 2.9it/s 16.4s<1:03
[K     85/100      3.98G     0.7022     0.3412     0.7922          0          0          0          0          0          0     0.1342   0.002092  0.0001129          0          0          0          0          0          0          0          0          0          0          0          0          0          0     0.6004     0.2056          0          0     0.4677    0.05758     0.3767     0.4281        143        256: 20% ━━────────── 47/230 2.9it/s 16.8s<1:03
[K     85/100      3.98G     0.7016     0.3411     0.7918          0          0          0          0          0          0     0.1341   0.002091  0.0001126          0          0          0          0          0          0          0          0          0          0          0          0          0          0     0.6002     0.2055          0          0     0.4677    0.05758     0.3766      0.428        173        256: 21% ━━╸───────── 48/230 2.9it/s 17.1s<1:04
[K     85/100      3.98G     0.7009     0.3408     0.7917          0          0          0          0          0          0     0.1335   0.002087   0.000113          0          0          0          0          0          0          0          0          0          0          0          0          0          0     0.6019     0.2055          0          0     0.4677     0.0576     0.3765      0.428        123        256: 21% ━━╸───────── 49/230 2.9it/s 17.5s<1:03
[K     85/100      3.98G     0.6992     0.3404     0.7921          0          0          0          0          0          0     0.1337    0.00209  0.0001125          0          0          0          0          0          0          0          0          0          0          0          0          0          0     0.6009     0.2055          0          0     0.4677    0.05762     0.3767      0.428        158        256: 22% ━━╸───────── 50/230 2.9it/s 17.8s<1:02
[K     85/100      3.98G     0.6971     0.3398     0.7925          0          0          0          0          0          0     0.1341   0.002092  0.0001126          0          0          0          0          0          0          0          0          0          0          0          0          0          0     0.6007     0.2056          0          0     0.4677     0.0576     0.3768      0.428        140        256: 22% ━━╸───────── 51/230 2.9it/s 18.2s<1:02
[K     85/100      3.98G     0.6951     0.3387     0.7928          0          0          0          0          0          0     0.1343    0.00209  0.0001128          0          0          0          0          0          0          0          0          0          0          0          0          0          0     0.6004     0.2055          0          0     0.4677    0.05762     0.3772     0.4281        115        256: 23% ━━╸───────── 52/230 2.8it/s 18.5s<1:04
[K     85/100      3.98G     0.6929     0.3379     0.7928          0          0          0          0          0          0     0.1341   0.002089  0.0001122          0          0          0          0          0          0          0          0          0          0          0          0          0          0     0.6019     0.2055          0          0     0.4677    0.05759     0.3769      0.428        129        256: 23% ━━╸───────── 53/230 2.6it/s 19.0s<1:07
[K     85/100      3.98G     0.6922     0.3379     0.7923          0          0          0          0          0          0     0.1339   0.002088  0.0001119          0          0          0          0          0          0          0          0          0          0          0          0          0          0     0.6034     0.2055          0          0     0.4677    0.05757     0.3768      0.428        117        256: 23% ━━╸───────── 54/230 2.5it/s 19.4s<1:10
[K     85/100      3.98G     0.6905     0.3376     0.7927          0          0          0          0          0          0     0.1349   0.002089  0.0001115          0          0          0          0          0          0          0          0          0          0          0          0          0          0     0.6031     0.2055          0          0     0.4677    0.05755     0.3768      0.428        128        256: 24% ━━╸───────── 55/230 2.5it/s 19.8s<1:10
[K     85/100      3.98G     0.6925     0.3382     0.7931          0          0          0          0          0          0     0.1349   0.002086  0.0001119          0          0          0          0          0          0          0          0          0          0          0          0          0          0     0.6056     0.2055          0          0     0.4677    0.05752     0.3766      0.428        126        256: 24% ━━╸───────── 56/230 2.5it/s 20.2s<1:09
[K     85/100      3.98G     0.6923     0.3382     0.7932          0          0          0          0          0          0     0.1354   0.002085  0.0001118          0          0          0          0          0          0          0          0          0          0          0          0          0          0     0.6054     0.2055          0          0     0.4677    0.05749     0.3768      0.428        120        256: 25% ━━╸───────── 57/230 2.6it/s 20.6s<1:07
[K     85/100      3.98G     0.6919     0.3383     0.7925          0          0          0          0          0          0     0.1353   0.002084  0.0001115          0          0          0          0          0          0          0          0          0          0          0          0          0          0     0.6053     0.2055          0          0     0.4677    0.05748     0.3767      0.428        135        256: 25% ━━━───────── 58/230 2.6it/s 21.0s<1:07
[K     85/100      3.98G     0.6919     0.3381     0.7926          0          0          0          0          0          0     0.1349   0.002088   0.000111          0          0          0          0          0          0          0          0          0          0          0          0          0          0     0.6043     0.2055          0          0     0.4677    0.05748     0.3768      0.428        170        256: 26% ━━━───────── 59/230 2.6it/s 21.4s<1:06
[K     85/100      3.98G     0.6947     0.3389     0.7934          0          0          0          0          0          0     0.1348   0.002087  0.0001104          0          0          0          0          0          0          0          0          0          0          0          0          0          0     0.6046     0.2055          0          0     0.4677    0.05748     0.3767      0.428        136        256: 26% ━━━───────── 60/230 2.6it/s 21.8s<1:06
[K     85/100      3.98G     0.6969       0.34     0.7933          0          0          0          0          0          0     0.1342   0.002084  0.0001105          0          0          0          0          0          0          0          0          0          0          0          0          0          0     0.6064     0.2055          0          0     0.4677    0.05749     0.3764      0.428        166        256: 27% ━━━───────── 61/230 2.6it/s 22.1s<1:05
[K     85/100      3.98G     0.6939     0.3389     0.7935          0          0          0          0          0          0     0.1345   0.002085  0.0001107          0          0          0          0          0          0          0          0          0          0          0          0          0          0     0.6061     0.2055          0          0     0.4677    0.05749     0.3767      0.428        113        256: 27% ━━━───────── 62/230 2.6it/s 22.5s<1:04
[K     85/100      3.98G      0.692     0.3381     0.7938          0          0          0          0          0          0     0.1344   0.002085  0.0001103          0          0          0          0          0          0          0          0          0          0          0          0          0          0     0.6054     0.2055          0          0     0.4677    0.05752     0.3767      0.428        127        256: 27% ━━━───────── 63/230 2.6it/s 22.9s<1:05
[K     85/100      3.98G     0.6906     0.3381      0.794          0          0          0          0          0          0     0.1341   0.002083  0.0001101          0          0          0          0          0          0          0          0          0          0          0          0          0          0     0.6069     0.2054          0          0     0.4677    0.05752     0.3766      0.428        112        256: 28% ━━━───────── 64/230 2.5it/s 23.3s<1:06
[K     85/100      3.98G      0.692     0.3382     0.7939          0          0          0          0          0          0     0.1339   0.002083  0.0001101          0          0          0          0          0          0          0          0          0          0          0          0          0          0      0.607     0.2054          0          0     0.4677    0.05752     0.3766      0.428        202        256: 28% ━━━───────── 65/230 2.6it/s 23.7s<1:04
[K     85/100      3.98G      0.692     0.3381      0.794          0          0          0          0          0          0     0.1338   0.002088  0.0001099          0          0          0          0          0          0          0          0          0          0          0          0          0          0     0.6062     0.2055          0          0     0.4677     0.0575     0.3766      0.428        204        256: 29% ━━━───────── 66/230 2.6it/s 24.1s<1:03
[K     85/100      3.98G     0.6898     0.3371     0.7937          0          0          0          0          0          0     0.1337    0.00209    0.00011          0          0          0          0          0          0          0          0          0          0          0          0          0          0     0.6058     0.2055          0          0     0.4677    0.05751     0.3767      0.428        112        256: 29% ━━━───────── 67/230 2.6it/s 24.5s<1:03
[K     85/100      3.98G     0.6909     0.3375     0.7937          0          0          0          0          0          0     0.1338   0.002093  0.0001095          0          0          0          0          0          0          0          0          0          0          0          0          0          0     0.6046     0.2055          0          0     0.4677    0.05751     0.3767      0.428        208        256: 30% ━━━╸──────── 68/230 2.6it/s 24.9s<1:03
[K     85/100      3.98G     0.6899     0.3374     0.7937          0          0          0          0          0          0     0.1336   0.002091  0.0001096          0          0          0          0          0          0          0          0          0          0          0          0          0          0     0.6057     0.2055          0          0     0.4677    0.05748     0.3766      0.428        118        256: 30% ━━━╸──────── 69/230 2.5it/s 25.3s<1:04
[K     85/100      3.98G     0.6889     0.3371     0.7934          0          0          0          0          0          0     0.1332   0.002091  0.0001093          0          0          0          0          0          0          0          0          0          0          0          0          0          0     0.6063     0.2055          0          0     0.4677    0.05749     0.3765      0.428        174        256: 30% ━━━╸──────── 70/230 2.5it/s 25.7s<1:04
[K     85/100      3.98G     0.6885     0.3368     0.7937          0          0          0          0          0          0     0.1339   0.002088  0.0001101          0          0          0          0          0          0          0          0          0          0          0          0          0          0     0.6075     0.2055          0          0     0.4677    0.05747     0.3765     0.4279        107        256: 31% ━━━╸──────── 71/230 2.5it/s 26.1s<1:03
[K     85/100      3.98G     0.6883     0.3365     0.7941          0          0          0          0          0          0     0.1338   0.002088  0.0001103          0          0          0          0          0          0          0          0          0          0          0          0          0          0     0.6077     0.2055          0          0     0.4678    0.05743     0.3765     0.4279        170        256: 31% ━━━╸──────── 72/230 2.5it/s 26.5s<1:02
[K     85/100      3.98G     0.6909     0.3374     0.7939          0          0          0          0          0          0     0.1336   0.002087  0.0001106          0          0          0          0          0          0          0          0          0          0          0          0          0          0     0.6082     0.2054          0          0     0.4678    0.05742     0.3765     0.4279        149        256: 32% ━━━╸──────── 73/230 2.5it/s 26.9s<1:03
[K     85/100      3.98G     0.6908     0.3374     0.7938          0          0          0          0          0          0     0.1338   0.002091  0.0001105          0          0          0          0          0          0          0          0          0          0          0          0          0          0     0.6071     0.2055          0          0     0.4678    0.05741     0.3767     0.4279        191        256: 32% ━━━╸──────── 74/230 2.5it/s 27.3s<1:02
[K     85/100      3.98G     0.6902     0.3374     0.7944          0          0          0          0          0          0     0.1344   0.002092  0.0001101          0          0          0          0          0          0          0          0          0          0          0          0          0          0     0.6065     0.2055          0          0     0.4678    0.05742      0.377     0.4279        130        256: 33% ━━━╸──────── 75/230 2.5it/s 27.7s<1:02
[K     85/100      3.98G     0.6916     0.3376     0.7941          0          0          0          0          0          0     0.1343   0.002093  0.0001101          0          0          0          0          0          0          0          0          0          0          0          0          0          0     0.6065     0.2055          0          0     0.4678    0.05744     0.3769     0.4279        259        256: 33% ━━━╸──────── 76/230 2.5it/s 28.1s<1:01
[K     85/100      3.98G      0.691     0.3375     0.7942          0          0          0          0          0          0     0.1341   0.002092    0.00011          0          0          0          0          0          0          0          0          0          0          0          0          0          0     0.6064     0.2055          0          0     0.4678    0.05742     0.3768     0.4279        124        256: 33% ━━━━──────── 77/230 2.5it/s 28.5s<1:01
[K     85/100      3.98G     0.6909      0.338     0.7938          0          0          0          0          0          0     0.1342    0.00209  0.0001098          0          0          0          0          0          0          0          0          0          0          0          0          0          0     0.6071     0.2055          0          0     0.4678    0.05741     0.3767     0.4279        117        256: 34% ━━━━──────── 78/230 2.6it/s 28.9s<59.4s
[K     85/100      3.98G     0.6923     0.3388     0.7937          0          0          0          0          0          0     0.1344   0.002089  0.0001098          0          0          0          0          0          0          0          0          0          0          0          0          0          0     0.6065     0.2055          0          0     0.4678     0.0574     0.3765     0.4279        169        256: 34% ━━━━──────── 79/230 2.6it/s 29.2s<58.6s
[K     85/100      3.98G     0.6917     0.3386     0.7939          0          0          0          0          0          0     0.1343   0.002091  0.0001095          0          0          0          0          0          0          0          0          0          0          0          0          0          0     0.6061     0.2055          0          0     0.4678    0.05739     0.3766     0.4279        137        256: 35% ━━━━──────── 80/230 2.6it/s 29.6s<58.3s
[K     85/100      3.98G      0.691     0.3383     0.7939          0          0          0          0          0          0     0.1343   0.002092  0.0001093          0          0          0          0          0          0          0          0          0          0          0          0          0          0     0.6054     0.2055          0          0     0.4678    0.05739     0.3768     0.4279        138        256: 35% ━━━━──────── 81/230 2.6it/s 30.0s<57.8s
[K     85/100      3.98G     0.6943     0.3393     0.7937          0          0          0          0          0          0     0.1342   0.002092  0.0001092          0          0          0          0          0          0          0          0          0          0          0          0          0          0     0.6057     0.2055          0          0     0.4678     0.0574     0.3766     0.4279        246        256: 36% ━━━━──────── 82/230 2.6it/s 30.4s<56.7s
[K     85/100      3.98G     0.6942     0.3394     0.7939          0          0          0          0          0          0     0.1345    0.00209  0.0001105          0          0          0          0          0          0          0          0          0          0          0          0          0          0      0.607     0.2055          0          0     0.4678    0.05738     0.3764     0.4279        121        256: 36% ━━━━──────── 83/230 2.6it/s 30.8s<56.4s
[K     85/100      3.98G     0.6949     0.3397     0.7942          0          0          0          0          0          0     0.1344    0.00209  0.0001104          0          0          0          0          0          0          0          0          0          0          0          0          0          0     0.6078     0.2055          0          0     0.4678    0.05736     0.3763     0.4279        120        256: 37% ━━━━──────── 84/230 2.6it/s 31.2s<55.8s
[K     85/100      3.98G     0.6964     0.3401     0.7944          0          0          0          0          0          0     0.1351   0.002087  0.0001119          0          0          0          0          0          0          0          0          0          0          0          0          0          0     0.6093     0.2054          0          0     0.4678    0.05733     0.3762     0.4278        107        256: 37% ━━━━──────── 85/230 2.6it/s 31.5s<54.7s
[K     85/100      3.98G     0.6963     0.3403     0.7945          0          0          0          0          0          0     0.1351   0.002084  0.0001133          0          0          0          0          0          0          0          0          0          0          0          0          0          0     0.6103     0.2054          0          0     0.4678    0.05731     0.3759     0.4278        106        256: 37% ━━━━──────── 86/230 2.6it/s 31.9s<55.1s
[K     85/100      3.98G     0.6959     0.3402     0.7944          0          0          0          0          0          0     0.1348   0.002083  0.0001131          0          0          0          0          0          0          0          0          0          0          0          0          0          0     0.6109     0.2054          0          0     0.4678    0.05732     0.3759     0.4278        141        256: 38% ━━━━╸─────── 87/230 2.6it/s 32.3s<54.0s
[K     85/100      3.98G      0.695     0.3397     0.7944          0          0          0          0          0          0     0.1345   0.002084  0.0001136          0          0          0          0          0          0          0          0          0          0          0          0          0          0     0.6108     0.2054          0          0     0.4678    0.05733      0.376     0.4278        130        256: 38% ━━━━╸─────── 88/230 2.6it/s 32.7s<53.6s
[K     85/100      3.98G      0.694     0.3396     0.7944          0          0          0          0          0          0      0.135   0.002086  0.0001133          0          0          0          0          0          0          0          0          0          0          0          0          0          0     0.6102     0.2054          0          0     0.4678    0.05733     0.3762     0.4279        161        256: 39% ━━━━╸─────── 89/230 2.7it/s 33.0s<52.8s
[K     85/100      3.98G     0.6935     0.3393     0.7944          0          0          0          0          0          0     0.1351   0.002086  0.0001131          0          0          0          0          0          0          0          0          0          0          0          0          0          0       0.61     0.2054          0          0     0.4678    0.05735     0.3762     0.4279        158        256: 39% ━━━━╸─────── 90/230 2.7it/s 33.4s<52.8s
[K     85/100      3.98G     0.6922     0.3389     0.7944          0          0          0          0          0          0     0.1351   0.002087  0.0001125          0          0          0          0          0          0          0          0          0          0          0          0          0          0     0.6096     0.2054          0          0     0.4678    0.05735     0.3765     0.4278        127        256: 40% ━━━━╸─────── 91/230 2.7it/s 33.8s<52.0s
[K     85/100      3.98G     0.6903     0.3382     0.7945          0          0          0          0          0          0      0.135   0.002089  0.0001121          0          0          0          0          0          0          0          0          0          0          0          0          0          0     0.6091     0.2054          0          0     0.4678    0.05735     0.3767     0.4278        139        256: 40% ━━━━╸─────── 92/230 2.7it/s 34.1s<50.6s
[K     85/100      3.98G     0.6884     0.3376     0.7948          0          0          0          0          0          0     0.1353   0.002092  0.0001118          0          0          0          0          0          0          0          0          0          0          0          0          0          0     0.6083     0.2054          0          0     0.4679    0.05734     0.3769     0.4278        123        256: 40% ━━━━╸─────── 93/230 2.8it/s 34.5s<49.3s
[K     85/100      3.98G      0.687     0.3373      0.795          0          0          0          0          0          0     0.1354   0.002093  0.0001115          0          0          0          0          0          0          0          0          0          0          0          0          0          0     0.6081     0.2054          0          0     0.4679    0.05735      0.377     0.4279        132        256: 41% ━━━━╸─────── 94/230 2.8it/s 34.8s<48.1s
[K     85/100      3.98G     0.6895      0.338     0.7951          0          0          0          0          0          0     0.1354   0.002092  0.0001113          0          0          0          0          0          0          0          0          0          0          0          0          0          0     0.6079     0.2054          0          0     0.4679    0.05735     0.3769     0.4279        171        256: 41% ━━━━╸─────── 95/230 2.9it/s 35.2s<47.3s
[K     85/100      3.98G     0.6888     0.3378     0.7953          0          0          0          0          0          0     0.1352   0.002091  0.0001115          0          0          0          0          0          0          0          0          0          0          0          0          0          0     0.6083     0.2054          0          0     0.4679    0.05734     0.3768     0.4278        122        256: 42% ━━━━━─────── 96/230 2.9it/s 35.5s<46.9s
[K     85/100      3.98G     0.6884     0.3376     0.7954          0          0          0          0          0          0     0.1352   0.002092  0.0001112          0          0          0          0          0          0          0          0          0          0          0          0          0          0     0.6083     0.2054          0          0     0.4679    0.05734     0.3768     0.4278        189        256: 42% ━━━━━─────── 97/230 2.9it/s 35.8s<46.3s
[K     85/100      3.98G     0.6887     0.3377     0.7955          0          0          0          0          0          0      0.135   0.002092  0.0001113          0          0          0          0          0          0          0          0          0          0          0          0          0          0     0.6086     0.2054          0          0     0.4679    0.05732     0.3766     0.4278        142        256: 43% ━━━━━─────── 98/230 2.9it/s 36.2s<45.7s
[K     85/100      3.98G     0.6879     0.3373     0.7954          0          0          0          0          0          0     0.1347   0.002091  0.0001112          0          0          0          0          0          0          0          0          0          0          0          0          0          0     0.6093     0.2054          0          0     0.4679    0.05731     0.3766     0.4278        123        256: 43% ━━━━━─────── 99/230 2.9it/s 36.5s<45.2s
[K     85/100      3.98G      0.688     0.3375     0.7954          0          0          0          0          0          0     0.1347   0.002091  0.0001114          0          0          0          0          0          0          0          0          0          0          0          0          0          0     0.6092     0.2054          0          0     0.4679    0.05731     0.3764     0.4278        162        256: 43% ━━━━━─────── 100/230 2.9it/s 36.9s<45.1s
[K     85/100      3.98G     0.6875     0.3373     0.7953          0          0          0          0          0          0     0.1345   0.002091  0.0001113          0          0          0          0          0          0          0          0          0          0          0          0          0          0     0.6095     0.2054          0          0     0.4678    0.05731     0.3763     0.4278        128        256: 44% ━━━━━─────── 101/230 2.9it/s 37.2s<44.9s
[K     85/100      3.98G     0.6866     0.3371     0.7956          0          0          0          0          0          0     0.1347   0.002093  0.0001117          0          0          0          0          0          0          0          0          0          0          0          0          0          0     0.6095     0.2054          0          0     0.4679     0.0573     0.3763     0.4278        112        256: 44% ━━━━━─────── 102/230 2.9it/s 37.6s<44.6s
[K     85/100      3.98G      0.685     0.3366     0.7953          0          0          0          0          0          0     0.1345   0.002093  0.0001121          0          0          0          0          0          0          0          0          0          0          0          0          0          0       0.61     0.2054          0          0     0.4679    0.05729     0.3762     0.4278        133        256: 45% ━━━━━─────── 103/230 2.9it/s 37.9s<44.0s
[K     85/100      3.98G     0.6843     0.3363     0.7954          0          0          0          0          0          0     0.1348   0.002093  0.0001118          0          0          0          0          0          0          0          0          0          0          0          0          0          0     0.6101     0.2054          0          0     0.4679    0.05728     0.3762     0.4278        139        256: 45% ━━━━━─────── 104/230 2.8it/s 38.3s<44.5s
[K     85/100      3.98G     0.6842     0.3361     0.7955          0          0          0          0          0          0     0.1349   0.002092  0.0001118          0          0          0          0          0          0          0          0          0          0          0          0          0          0     0.6101     0.2054          0          0     0.4679    0.05728     0.3763     0.4278        168        256: 46% ━━━━━─────── 105/230 2.8it/s 38.6s<43.9s
[K     85/100      3.98G     0.6842     0.3361     0.7953          0          0          0          0          0          0     0.1349   0.002092  0.0001118          0          0          0          0          0          0          0          0          0          0          0          0          0          0     0.6105     0.2054          0          0     0.4679    0.05727     0.3762     0.4277        136        256: 46% ━━━━━╸────── 106/230 2.8it/s 39.0s<43.8s
[K     85/100      3.98G     0.6857     0.3367     0.7952          0          0          0          0          0          0     0.1348    0.00209  0.0001118          0          0          0          0          0          0          0          0          0          0          0          0          0          0     0.6108     0.2054          0          0     0.4679    0.05727     0.3761     0.4277        128        256: 47% ━━━━━╸────── 107/230 2.9it/s 39.3s<43.2s
[K     85/100      3.98G     0.6861     0.3368     0.7952          0          0          0          0          0          0     0.1349    0.00209  0.0001116          0          0          0          0          0          0          0          0          0          0          0          0          0          0     0.6108     0.2054          0          0     0.4679    0.05725     0.3761     0.4277        149        256: 47% ━━━━━╸────── 108/230 2.8it/s 39.7s<43.2s
[K     85/100      3.98G     0.6839      0.336     0.7952          0          0          0          0          0          0     0.1349   0.002093  0.0001113          0          0          0          0          0          0          0          0          0          0          0          0          0          0     0.6102     0.2054          0          0     0.4679    0.05725     0.3762     0.4277        122        256: 47% ━━━━━╸────── 109/230 2.8it/s 40.0s<42.5s
[K     85/100      3.98G     0.6835     0.3361     0.7951          0          0          0          0          0          0     0.1349   0.002095  0.0001113          0          0          0          0          0          0          0          0          0          0          0          0          0          0     0.6099     0.2054          0          0     0.4679    0.05723     0.3763     0.4277        169        256: 48% ━━━━━╸────── 110/230 2.9it/s 40.4s<42.0s
[K     85/100      3.98G     0.6835     0.3363     0.7951          0          0          0          0          0          0     0.1348   0.002093  0.0001112          0          0          0          0          0          0          0          0          0          0          0          0          0          0     0.6102     0.2054          0          0     0.4679    0.05723     0.3763     0.4277        136        256: 48% ━━━━━╸────── 111/230 2.9it/s 40.7s<41.5s
[K     85/100      3.98G     0.6828     0.3361      0.795          0          0          0          0          0          0      0.135   0.002093  0.0001115          0          0          0          0          0          0          0          0          0          0          0          0          0          0       0.61     0.2054          0          0     0.4679    0.05723     0.3763     0.4277        116        256: 49% ━━━━━╸────── 112/230 2.8it/s 41.1s<42.0s
[K     85/100      3.98G     0.6819     0.3357     0.7952          0          0          0          0          0          0     0.1349   0.002095  0.0001114          0          0          0          0          0          0          0          0          0          0          0          0          0          0     0.6093     0.2054          0          0     0.4679    0.05722     0.3764     0.4277        154        256: 49% ━━━━━╸────── 113/230 2.8it/s 41.5s<41.6s
[K     85/100      3.98G     0.6814     0.3354     0.7953          0          0          0          0          0          0     0.1349   0.002096  0.0001112          0          0          0          0          0          0          0          0          0          0          0          0          0          0     0.6089     0.2054          0          0     0.4679    0.05722     0.3764     0.4277        149        256: 50% ━━━━━╸────── 114/230 2.8it/s 41.8s<40.8s
[K     85/100      3.98G     0.6821     0.3357     0.7955          0          0          0          0          0          0     0.1352   0.002099   0.000111          0          0          0          0          0          0          0          0          0          0          0          0          0          0     0.6084     0.2054          0          0     0.4679    0.05722     0.3765     0.4277        198        256: 50% ━━━━━━────── 115/230 2.8it/s 42.2s<40.7s
[K     85/100      3.98G      0.682     0.3356     0.7956          0          0          0          0          0          0     0.1352     0.0021  0.0001111          0          0          0          0          0          0          0          0          0          0          0          0          0          0     0.6079     0.2054          0          0     0.4679     0.0572     0.3766     0.4277        157        256: 50% ━━━━━━────── 116/230 2.8it/s 42.5s<40.1s

====================================================================================================
FILE /root/shared-nvme/LADD_public_p1/logs/formal_nomosaic_20260528/ladd/formal_nomosaic_yolo11s_cap2_s0_bentrance_S2_a2best_continue_b100_after67b_retry2_b64_after_oom_gpu1/b/manifest.txt
[keyword_hits]
21: warmup_epochs=0
22: warmup_bias_lr=0.001
23: warmup_momentum=
24: freeze_bn_stats=1
25: freeze_bn_after_epoch=-1
36: ladd_b_det_only=0
37: ladd_a2_det_only=0
40: b_split_load_strict=0
[tail]
server_tag=shared_nvme_gpu1
task=hbb
phase=b
run_tag=formal_nomosaic_yolo11s_cap2_s0_bentrance_S2_a2best_continue_b100_after67b_retry2_b64_after_oom
model=runs_public/ogsod/hbb/formal_nomosaic_20260528/ladd/yolo11s/cap2/ladd_hbb_ogsod11s_formal_nomosaic_yolo11s_cap2_s0_diag_a2select_s_s0_a2lr3e4_short13_b1_a2_e13_b64_s0_gpu0/weights/best.pt
sar_baseline=runs_public/ogsod/hbb/formal_nomosaic_20260528/baselines/sar/sar_yolo11s_hbb_800ep_cos_nomosaic_albu_b64_s0/weights/best.pt
rgb_teacher=runs_public/ogsod/hbb/formal_nomosaic_20260528/baselines/rgb/rgb_yolo11s_hbb_800ep_cos_nomosaic_albu_b64_s0/weights/best.pt
data_cfg=/root/shared-nvme/LADD_public/configs/datasets/ogsod_hbb_sar.yaml
teacher_data_cfg=/root/shared-nvme/LADD_public/configs/datasets/ogsod_hbb_rgb.yaml
project_dir=runs_public/ogsod/hbb/formal_nomosaic_20260528/ladd/yolo11s/cap2
run_name=ladd_hbb_ogsod11s_formal_nomosaic_yolo11s_cap2_s0_bentrance_S2_a2best_continue_b100_after67b_retry2_b64_after_oom_b_e100_b64_s0_gpu1
resume_from=
seed=0
epochs=100
batch_size=64
cos_lr=1
lr0=0.001
lrf=0.01
optimizer=MuSGD
warmup_epochs=0
warmup_bias_lr=0.001
warmup_momentum=
freeze_bn_stats=1
freeze_bn_after_epoch=-1
ladd_diag_log_bn=1
ladd_diag_log_grad=0
ladd_grad_clip_norm=0.0
ladd_assert_phase_freeze=1
ladd_diag_log_every=1
ladd_kd_decay_mode=none
ladd_kd_decay_start_epoch=-1
ladd_kd_decay_end_epoch=-1
ladd_kd_final_mult=1.0
ladd_kd_stop_after_epoch=-1
ladd_b_det_only=0
ladd_a2_det_only=0
b_detector_source=
b_decomp_source=
b_split_load_strict=0
b_reset_student_from_scratch=0
b_load_student_split=0
b_load_student_reachability=1
b_load_student_aux=0
alpha_kd=1.0
lambda_reach=1.0
lambda_match_inner=1.0
lambda_rank_inner=1.0
lambda_residual_aux=0.25
close_at_epoch=100
close_mosaic=0
student_branch_mode=split
alpha_s_rec=0.1
comparison_kd_profile=none
profile_kd_weight=1.0
profile_kd_replace_base=0
fgd_alpha=0.0001
fgd_beta=0.00005
fgd_gamma=0.001
fgd_lambda=0.0
fgd_normalization_mode=original
fgd_temperature=0.5
fgd_mask_mode=gt_box
fgd_bg_norm=1
ld_temperature=10.0
ld_use_vlr=1
ld_quality_power=1.0
ld_min_vlr_weight=0.0
ld_vlr_topk=0
ld_vlr_weight=0.25
ld_main_weight=0.25
ld_allow_empty_vlr=1
cclkd_base_temperature=2.0
cclkd_contrastive_temperature=0.1
cclkd_feat_weight=1.0
cclkd_contrast_weight=0.5
cclkd_bg_weight=0.1
cclkd_min_confidence=0.1
cclkd_temperature_min=0.5
cclkd_temperature_max=5.0
cclkd_entropy_scale=5.0

====================================================================================================
FILE /root/shared-nvme/LADD_public_p1/logs/formal_nomosaic_20260528/ladd/formal_nomosaic_yolo11s_cap2_s0_bentrance_S2_a2best_continue_b100_after67b_retry2_b64_after_oom_gpu1/b/master.log
[keyword_hits]
[tail]
[2026-06-13 16:52:22] Launching OGSOD hbb LADD phase b: ladd_hbb_ogsod11s_formal_nomosaic_yolo11s_cap2_s0_bentrance_S2_a2best_continue_b100_after67b_retry2_b64_after_oom_b_e100_b64_s0_gpu1

====================================================================================================
FILE /root/shared-nvme/LADD_public_p1/logs/formal_nomosaic_20260528/ladd/formal_nomosaic_yolo11s_cap2_s0_bentrance_S2_a2best_continue_b100_after67b_retry2_b64_after_oom_gpu1/chain.log
[keyword_hits]
[tail]
[2026-06-13 16:52:22] phase=b model=runs_public/ogsod/hbb/formal_nomosaic_20260528/ladd/yolo11s/cap2/ladd_hbb_ogsod11s_formal_nomosaic_yolo11s_cap2_s0_diag_a2select_s_s0_a2lr3e4_short13_b1_a2_e13_b64_s0_gpu0/weights/best.pt

====================================================================================================
FILE /root/shared-nvme/LADD_public_p1/logs/formal_nomosaic_20260528/ladd/formal_nomosaic_yolo11s_cap2_s0_bentrance_S2_a2best_continue_b100_after67b_retry2_b64_after_oom_gpu1/manifest.txt
[keyword_hits]
16: a2_schedule=optimizer=MuSGD, lr0=0.001, lrf=0.01, warmup_epochs=0, warmup_bias_lr=0.001
17: b_schedule=optimizer=MuSGD, cos_lr=1, lr0=0.001, lrf=0.01, warmup_epochs=0, warmup_bias_lr=0.001, close_at_epoch=100
26: b_freeze_bn_after_epoch=-1
37: ladd_b_det_only=0
38: ladd_a2_det_only=0
39: validate_before_train=1
42: b_split_load_strict=0
[tail]
git_commit=c7f309d8bbc5aed195fa565bae9d0526f9aa4291
server_tag=shared_nvme_gpu1
task=hbb
chain=b
run_tag=formal_nomosaic_yolo11s_cap2_s0_bentrance_S2_a2best_continue_b100_after67b_retry2_b64_after_oom
start_model=runs_public/ogsod/hbb/formal_nomosaic_20260528/ladd/yolo11s/cap2/ladd_hbb_ogsod11s_formal_nomosaic_yolo11s_cap2_s0_diag_a2select_s_s0_a2lr3e4_short13_b1_a2_e13_b64_s0_gpu0/weights/best.pt
sar_baseline=runs_public/ogsod/hbb/formal_nomosaic_20260528/baselines/sar/sar_yolo11s_hbb_800ep_cos_nomosaic_albu_b64_s0/weights/best.pt
rgb_teacher=runs_public/ogsod/hbb/formal_nomosaic_20260528/baselines/rgb/rgb_yolo11s_hbb_800ep_cos_nomosaic_albu_b64_s0/weights/best.pt
seed=0
gpu_id=1
imgsz=256
batch_size=64
epochs_a1=10
epochs_a2=50
epochs_b=100
a2_schedule=optimizer=MuSGD, lr0=0.001, lrf=0.01, warmup_epochs=0, warmup_bias_lr=0.001
b_schedule=optimizer=MuSGD, cos_lr=1, lr0=0.001, lrf=0.01, warmup_epochs=0, warmup_bias_lr=0.001, close_at_epoch=100
alpha_kd=1.0
alpha_s_rec=0.1
alpha_sep=0.05
lambda_reach=1.0
lambda_match_inner=1.0
lambda_rank_inner=1.0
lambda_residual_aux=0.25
residual_aux_mode=energy
b_freeze_bn_after_epoch=-1
ladd_diag_log_bn=1
ladd_diag_log_grad=0
ladd_grad_clip_norm=0.0
ladd_assert_phase_freeze=1
ladd_diag_log_every=1
ladd_kd_decay_mode=none
ladd_kd_decay_start_epoch=-1
ladd_kd_decay_end_epoch=-1
ladd_kd_final_mult=1.0
ladd_kd_stop_after_epoch=-1
ladd_b_det_only=0
ladd_a2_det_only=0
validate_before_train=1
b_detector_source=
b_decomp_source=
b_split_load_strict=0
b_reset_student_from_scratch=0
b_load_student_split=0
b_load_student_reachability=1
b_load_student_aux=0
rank_d_neg_cap=2.0
lambda_anti_collapse=0.0
anti_collapse_floor=0.0

====================================================================================================
FILE /root/shared-nvme/LADD_public_p1/logs/manual_relaunch/bentrance_S2_a2best_continue_b100_after67b_retry2_b64_after_oom_20260613_165222.log
[keyword_hits]
4: Command: env SAR_BASELINE=runs_public/ogsod/hbb/formal_nomosaic_20260528/baselines/sar/sar_yolo11s_hbb_800ep_cos_nomosaic_albu_b64_s0/weights/best.pt RGB_TEACHER=runs_public/ogsod/hbb/formal_nomosaic_20260528/baselines/rgb/rgb_yolo11s_hbb_800ep_cos_nomosaic_albu_b64_s0/weights/best.pt DATA_CFG=/root/shared-nvme/LADD_public/configs/datasets/ogsod_hbb_sar.yaml TEACHER_DATA_CFG=/root/shared-nvme/LADD_public/configs/datasets/ogsod_hbb_rgb.yaml MODEL_SIZE=s GPU_ID=1 SEED=0 BATCH_SIZE=64 WORKERS=8 IMGSZ=256 EPOCHS_A1=10 EPOCHS_A2=50 EPOCHS_B=100 PATIENCE_A=200 PATIENCE_B=100 PROJECT_DIR=runs_public/ogsod/hbb/formal_nomosaic_20260528/ladd/yolo11s/cap2 CHAIN_LOG_DIR=logs/formal_nomosaic_20260528/ladd/formal_nomosaic_yolo11s_cap2_s0_bentrance_S2_a2best_continue_b100_after67b_retry2_b64_after_oom_gpu1 MOSAIC=0.0 A_CLOSE_MOSAIC=0 B_CLOSE_AT_EPOCH=100 MIXUP=0.0 CUTMIX=0.0 DEGREES=0.0 PERSPECTIVE=0.0 TRANSLATE=0.1 SCALE=0.5 FLIPLR=0.5 FLIPUD=0.0 HSV_H=0.0 HSV_S=0.0 HSV_V=0.0 ERASING=0.0 SAVE_PERIOD
[tail]
[2026-06-13 16:52:22] Launching formal LADD cap2 yolo11s seed=0 gpu=1
sar_baseline=runs_public/ogsod/hbb/formal_nomosaic_20260528/baselines/sar/sar_yolo11s_hbb_800ep_cos_nomosaic_albu_b64_s0/weights/best.pt
rgb_teacher=runs_public/ogsod/hbb/formal_nomosaic_20260528/baselines/rgb/rgb_yolo11s_hbb_800ep_cos_nomosaic_albu_b64_s0/weights/best.pt
Command: env SAR_BASELINE=runs_public/ogsod/hbb/formal_nomosaic_20260528/baselines/sar/sar_yolo11s_hbb_800ep_cos_nomosaic_albu_b64_s0/weights/best.pt RGB_TEACHER=runs_public/ogsod/hbb/formal_nomosaic_20260528/baselines/rgb/rgb_yolo11s_hbb_800ep_cos_nomosaic_albu_b64_s0/weights/best.pt DATA_CFG=/root/shared-nvme/LADD_public/configs/datasets/ogsod_hbb_sar.yaml TEACHER_DATA_CFG=/root/shared-nvme/LADD_public/configs/datasets/ogsod_hbb_rgb.yaml MODEL_SIZE=s GPU_ID=1 SEED=0 BATCH_SIZE=64 WORKERS=8 IMGSZ=256 EPOCHS_A1=10 EPOCHS_A2=50 EPOCHS_B=100 PATIENCE_A=200 PATIENCE_B=100 PROJECT_DIR=runs_public/ogsod/hbb/formal_nomosaic_20260528/ladd/yolo11s/cap2 CHAIN_LOG_DIR=logs/formal_nomosaic_20260528/ladd/formal_nomosaic_yolo11s_cap2_s0_bentrance_S2_a2best_continue_b100_after67b_retry2_b64_after_oom_gpu1 MOSAIC=0.0 A_CLOSE_MOSAIC=0 B_CLOSE_AT_EPOCH=100 MIXUP=0.0 CUTMIX=0.0 DEGREES=0.0 PERSPECTIVE=0.0 TRANSLATE=0.1 SCALE=0.5 FLIPLR=0.5 FLIPUD=0.0 HSV_H=0.0 HSV_S=0.0 HSV_V=0.0 ERASING=0.0 SAVE_PERIOD
Launched pid=269648; log=logs/formal_nomosaic_20260528/ladd/formal_nomosaic_yolo11s_cap2_s0_bentrance_S2_a2best_continue_b100_after67b_retry2_b64_after_oom_gpu1.outer.log; pid_file=logs/formal_nomosaic_20260528/ladd/formal_nomosaic_yolo11s_cap2_s0_bentrance_S2_a2best_continue_b100_after67b_retry2_b64_after_oom_gpu1.pid
