     0/399     2.15G    0.1078   0.01163   0.02726    0.1467        30       256 0.0005033    0.1411 0.0004053 7.122e-05    0.1087  0.008149   0.02392
     1/399     10.3G    0.1028   0.01202   0.02263    0.1374        25       256    0.6847   0.02574  0.007325  0.001503    0.1015  0.008613    0.0186
     2/399     11.8G   0.09377   0.01245   0.01736    0.1236        29       256   0.03715    0.1792   0.03132  0.006681   0.08858  0.008602   0.01187
     3/399     11.8G   0.08849    0.0125   0.01501     0.116        29       256     0.347   0.03964  0.002275 0.0003697    0.1004   0.01161   0.03014
     4/399     11.8G   0.08862   0.01245   0.01546    0.1165        33       256     0.378    0.1857   0.02834  0.006867   0.08961   0.00983  0.008701
     5/399     11.8G   0.08513   0.01235   0.01307    0.1105        19       256    0.5083    0.1642   0.09995   0.02755    0.0808  0.008147  0.007572
     6/399     11.8G   0.08238   0.01248   0.01234    0.1072        15       256    0.5504    0.1658    0.1264   0.03722   0.07938  0.008015  0.006282
     7/399     11.8G   0.08027   0.01231   0.01115    0.1037        47       256    0.5686    0.1839    0.1281    0.0364   0.07686   0.00795  0.008371
     8/399     11.8G   0.08183   0.01235   0.01343    0.1076        37       256     0.591    0.1815    0.1412   0.04334   0.07371  0.007733   0.00612
     9/399     11.9G   0.07868   0.01227    0.0101    0.1011        19       256    0.6348    0.2066    0.1755   0.05493   0.07242  0.007991  0.005897
    10/399     11.9G   0.07783   0.01225    0.0099   0.09998        20       256    0.5873    0.2059    0.1581    0.0503   0.07186  0.007811  0.007387
    11/399     11.9G   0.07617   0.01214  0.009608   0.09791        45       256    0.6569    0.1981    0.1676   0.05256   0.07066  0.008059  0.006845
    12/399     11.9G   0.07525    0.0121  0.008531   0.09589        21       256    0.6443    0.2052    0.1633   0.05281   0.07163  0.008084  0.009852
    13/399     11.9G   0.07484   0.01199  0.008935   0.09577        29       256     0.636    0.2392    0.2042   0.06888   0.06802  0.007538  0.005054
    14/399     11.9G   0.07416   0.01216  0.008417   0.09474        31       256    0.7032    0.2089    0.2017   0.06762   0.06959  0.007693  0.009694
    15/399     11.9G   0.07382   0.01202  0.008569   0.09442        56       256    0.7175     0.218    0.2121   0.07558   0.06678  0.007694  0.005233
    16/399     11.9G   0.07294   0.01197   0.00771   0.09263        30       256    0.6904    0.2354    0.2176   0.08061   0.06583  0.007317  0.004347
    17/399     11.9G   0.07197    0.0119  0.007131     0.091        34       256    0.3528    0.2404    0.2312   0.07708   0.06619  0.007358  0.004269
    18/399     11.9G   0.07171   0.01177  0.007426   0.09091        27       256    0.6478    0.2461    0.2133   0.07474   0.06681   0.00809  0.005203
    19/399     11.9G   0.07189   0.01186  0.007237   0.09099        30       256    0.2939    0.2402    0.2033   0.07353   0.06444   0.00734  0.004502
    20/399     11.9G   0.07142   0.01187  0.006758   0.09005        32       256    0.3784    0.2493    0.2501    0.0979   0.06411  0.007273   0.00391
    21/399     11.9G   0.07098   0.01194  0.007142   0.09007        24       256    0.6983    0.2636    0.2505   0.09654   0.06275  0.007292  0.004063
    22/399     11.9G    0.0707   0.01195  0.006828   0.08948        11       256    0.4065    0.2704    0.2669    0.1032   0.06307  0.007257  0.003279
    23/399     11.9G   0.06978   0.01182  0.006389   0.08799        21       256    0.6711    0.2965    0.2664    0.0988   0.06171  0.007165   0.00293
    24/399     11.9G   0.07002    0.0117  0.006454   0.08817        22       256    0.7305    0.2544    0.2578   0.09757   0.06366  0.007356  0.005409
    25/399     11.9G   0.06941   0.01176  0.006525   0.08769        27       256    0.5439    0.2757    0.2822    0.1153   0.06181  0.007319  0.003741
    26/399     11.9G   0.06934   0.01169  0.006191   0.08721        29       256    0.4528    0.2712     0.281    0.1126   0.06059  0.007181  0.003098
    27/399     11.9G   0.06868   0.01177  0.006212   0.08666        26       256    0.5357    0.2783    0.2966    0.1182   0.06059  0.007153  0.003433
    28/399     11.9G   0.06856   0.01164   0.00608   0.08628        27       256    0.5256    0.2818    0.2927    0.1229    0.0605  0.007129  0.003548
    29/399     11.9G   0.07023   0.01204  0.007535   0.08981        60       256    0.6868    0.2881    0.2675    0.1049   0.06189  0.007382  0.003498
    30/399     11.9G   0.07138   0.01201  0.007859   0.09125        20       256    0.5648    0.2465    0.2662    0.1063   0.06246   0.00724  0.005008
    31/399     11.9G   0.08503   0.01245   0.01647    0.1139        16       256    0.5642    0.1329    0.1005   0.03631   0.08577  0.008238   0.01566
    32/399     11.9G   0.08171   0.01246   0.01364    0.1078        40       256    0.6845    0.2007    0.1867   0.07497   0.07185  0.007771  0.008635
    33/399     11.9G   0.07894   0.01217   0.01128    0.1024        18       256    0.6619    0.2167    0.1986   0.08035   0.07049  0.007673  0.008647
    34/399     11.9G   0.07622   0.01203   0.01002   0.09826        26       256    0.7049    0.2302    0.2162   0.08583   0.06722  0.007513  0.005737
    35/399     11.9G   0.07449   0.01208  0.008931    0.0955        19       256    0.7247    0.2314    0.2345    0.0944    0.0655  0.007543  0.005083
    36/399     11.9G   0.07315   0.01196  0.008165   0.09327        36       256    0.7278    0.2364    0.2379   0.09624   0.06442  0.007335  0.004957
    37/399     11.9G   0.07224   0.01185   0.00807   0.09216        18       256    0.5103    0.2428    0.2442    0.1015   0.06341  0.007372  0.004514
    38/399     11.9G   0.07208   0.01189  0.007782   0.09175        21       256    0.7177    0.2493    0.2565    0.1073   0.06304  0.007215  0.004681
    39/399     11.9G   0.07117   0.01202  0.007462   0.09065        32       256    0.4195    0.2654    0.2618    0.1093   0.06228   0.00716  0.003873
    40/399     11.9G   0.07043   0.01191  0.007078   0.08942        65       256    0.4411    0.2738    0.2689    0.1136   0.06143  0.007089  0.003387
    41/399     11.9G   0.06972   0.01176  0.006525   0.08801        22       256    0.4491    0.2866    0.2777     0.118   0.06096  0.007065  0.003416
    42/399     11.9G   0.06963   0.01195  0.006728   0.08831        16       256    0.5522    0.2835    0.2942    0.1249   0.06038  0.007012  0.003254
    43/399     11.9G   0.06956   0.01167  0.006454   0.08768        24       256    0.5323    0.2929    0.2981     0.128   0.06005  0.006996  0.003333
    44/399     11.9G   0.06858    0.0116  0.006172   0.08636        19       256    0.4857    0.3067    0.3061    0.1313   0.05941  0.006936  0.003076
    45/399     11.9G   0.06874   0.01159  0.006364   0.08669        34       256    0.4379    0.3284    0.3093     0.133   0.05875  0.006894  0.002866
    46/399     11.9G   0.06784   0.01164  0.005842   0.08532        28       256    0.4853    0.3279    0.3169    0.1352   0.05841  0.006847  0.002594
    47/399     11.9G   0.06788   0.01181  0.006137   0.08583        17       256     0.535    0.3022    0.3165    0.1352    0.0583  0.006796  0.002461
    48/399     11.9G   0.06782    0.0116   0.00615   0.08557        25       256    0.5199     0.309    0.3221    0.1368   0.05798  0.006828  0.002436
    49/399     11.9G   0.06739   0.01158  0.005823   0.08479        42       256    0.4838    0.3421    0.3255    0.1404   0.05762  0.006786  0.002478
    50/399     11.9G    0.0664   0.01154  0.005282   0.08322        62       256    0.5111    0.3393    0.3358    0.1458   0.05702  0.006738  0.002281
    51/399     11.9G   0.06696   0.01151  0.005889   0.08435        13       256    0.4818    0.3469    0.3388    0.1484   0.05679  0.006729  0.002197
    52/399     11.9G   0.06678   0.01168  0.005842    0.0843        33       256    0.5329    0.3307     0.342    0.1497   0.05669  0.006686  0.002141
    53/399     11.9G    0.0662   0.01152  0.005784    0.0835        19       256    0.5235    0.3381    0.3477    0.1514   0.05675  0.006676  0.002163
    54/399     11.9G   0.06696   0.01164  0.005686   0.08429        54       256    0.5132    0.3497    0.3532    0.1547   0.05649  0.006666  0.002071
    55/399     11.9G   0.06624   0.01155  0.005668   0.08346        21       256    0.5073    0.3515    0.3533    0.1551   0.05618  0.006648  0.002051
    56/399     11.9G   0.06632   0.01158  0.005612   0.08352        28       256     0.475    0.3658    0.3548     0.155   0.05605  0.006647  0.001997
    57/399     11.9G   0.06559   0.01151  0.005093   0.08219        45       256    0.4853    0.3683    0.3592     0.158   0.05576  0.006632  0.002014
    58/399     11.9G   0.06535   0.01148  0.005393   0.08222        13       256    0.4875    0.3801    0.3668    0.1599   0.05542  0.006616  0.001948
    59/399     11.9G   0.06519   0.01145  0.005082   0.08173        26       256    0.5261    0.3691    0.3716    0.1621   0.05515  0.006599  0.001954
    60/399     11.9G   0.06538   0.01138  0.005232   0.08199        33       256    0.5302    0.3734    0.3753    0.1646   0.05487  0.006583  0.001897
    61/399     11.9G   0.06491    0.0113  0.005119   0.08133        19       256    0.5263     0.379    0.3801    0.1693    0.0545  0.006558  0.001919
    62/399     11.9G    0.0651    0.0113  0.004975   0.08138        13       256    0.5273    0.3863    0.3826     0.173   0.05425  0.006541   0.00192
    63/399     11.9G   0.06426   0.01136  0.004869   0.08048        24       256    0.5163    0.3943    0.3843     0.173   0.05401  0.006534   0.00187
    64/399     11.9G   0.06465   0.01127  0.005225   0.08115        32       256    0.5303    0.3908    0.3859    0.1733   0.05383  0.006526  0.001842
    65/399     11.9G   0.06829    0.0116  0.006857   0.08674        26       256    0.6112    0.3516    0.3828    0.1752   0.05362  0.006575  0.001782
    66/399     11.9G   0.07417   0.01242   0.01109   0.09768        22       256    0.7657    0.2982    0.3267    0.1492   0.05676  0.007002  0.003851
    67/399     11.9G   0.07076   0.01194  0.008018   0.09072        50       256    0.7669      0.28    0.3097    0.1383   0.05813  0.007103  0.004714
    68/399     11.9G   0.06698   0.01161  0.006074   0.08467        31       256    0.7549    0.2832    0.3068    0.1375   0.05832  0.007115  0.004673
    69/399     11.9G   0.06669   0.01161  0.006074   0.08437        22       256    0.7712    0.2778    0.3093    0.1391   0.05816  0.007097  0.004495
    70/399     11.9G   0.06601    0.0115  0.005624   0.08314        14       256    0.7571    0.2873    0.3128    0.1419   0.05786   0.00707  0.004289
    71/399     11.9G   0.06516    0.0115  0.005418   0.08208        19       256    0.7596    0.2917    0.3191    0.1444   0.05751  0.007041  0.004018
    72/399     11.9G   0.06463   0.01132  0.005545   0.08149        28       256    0.7526    0.2994     0.326    0.1482   0.05718  0.007012  0.003838
    73/399     11.9G   0.06478   0.01142  0.005115   0.08132        26       256    0.7553    0.3064    0.3323     0.151   0.05685  0.006982  0.003653
    74/399     11.9G   0.06485   0.01137  0.005149   0.08137        16       256    0.7465    0.3153    0.3379    0.1534   0.05659  0.006958  0.003563
    75/399     11.9G   0.06395   0.01135  0.004991   0.08029        12       256    0.7598    0.3128    0.3427    0.1554   0.05634  0.006935  0.003462
    76/399     11.9G   0.06432   0.01124  0.004941    0.0805        29       256    0.7577    0.3173    0.3456    0.1572   0.05611   0.00691  0.003363
    77/399     11.9G   0.06336   0.01116  0.004642   0.07917        16       256    0.7573    0.3199    0.3496    0.1588   0.05588  0.006884  0.003271
    78/399     11.9G   0.06398    0.0114  0.004842   0.08023        45       256    0.7557    0.3258    0.3529    0.1603   0.05565   0.00686  0.003169
    79/399     11.9G   0.06425   0.01131  0.005024   0.08058        20       256    0.7606    0.3289    0.3566    0.1618   0.05546  0.006838  0.003093
    80/399     11.9G   0.06304   0.01126  0.004736   0.07904        36       256    0.7653      0.33    0.3597    0.1633   0.05527  0.006818   0.00304
    81/399     11.9G   0.06296   0.01113  0.004871   0.07896        15       256    0.7661    0.3324    0.3623    0.1654    0.0551    0.0068  0.002978
    82/399     11.9G   0.06257   0.01118  0.004908   0.07866        18       256    0.7677    0.3349    0.3651    0.1671   0.05494  0.006783  0.002928
    83/399     11.9G    0.0629    0.0112  0.004897     0.079        39       256    0.7686    0.3365     0.368    0.1681   0.05479  0.006768  0.002895
    84/399     11.9G    0.0647   0.01137  0.005307   0.08138        30       256    0.7779    0.3333    0.3691    0.1689   0.05468  0.006756  0.002861
    85/399     11.9G   0.06291   0.01123  0.004904   0.07905        13       256    0.7785    0.3343    0.3717    0.1702   0.05455  0.006744  0.002813
    86/399     11.9G    0.0625     0.011  0.004496   0.07799        35       256    0.7804    0.3334    0.3734     0.171   0.05444  0.006731  0.002789
    87/399     11.9G   0.06229   0.01133  0.004935   0.07855        75       256    0.8004    0.3238    0.3751     0.172   0.05435   0.00672  0.002782
    88/399     11.9G   0.06214   0.01115  0.004419   0.07771        24       256    0.8013    0.3254    0.3764    0.1731   0.05425  0.006708  0.002766
    89/399     11.9G   0.06211   0.01115  0.004704   0.07797        23       256    0.7778    0.3398    0.3786    0.1742   0.05414  0.006697  0.002747
    90/399     11.9G   0.06176   0.01101  0.004571   0.07735        27       256    0.7826    0.3387      0.38    0.1753   0.05402  0.006686  0.002715
    91/399     11.9G   0.06187   0.01106  0.004611   0.07754        20       256     0.785    0.3391    0.3812     0.176   0.05391  0.006674  0.002677
    92/399     11.9G   0.06148   0.01107  0.004235   0.07678        26       256    0.7845    0.3398    0.3826    0.1771   0.05379  0.006662  0.002638
    93/399     11.9G   0.06129   0.01109  0.004188   0.07657        42       256      0.72     0.347    0.3846    0.1781   0.05367   0.00665  0.002596
    94/399     11.9G   0.06185     0.011  0.004366   0.07722        23       256    0.8011    0.3352    0.3861     0.179   0.05356   0.00664  0.002556
    95/399     11.9G   0.06076    0.0112  0.004414   0.07637        24       256    0.8011    0.3371    0.3872    0.1798   0.05346  0.006629  0.002525
    96/399     11.9G   0.06108   0.01094  0.004277    0.0763        47       256    0.7912    0.3415    0.3887    0.1809   0.05336  0.006618  0.002489
    97/399     11.9G   0.06078   0.01104   0.00429   0.07611        22       256    0.6908    0.3426    0.3895    0.1821   0.05326  0.006608  0.002466
    98/399     11.9G   0.06121   0.01092  0.004154   0.07629        50       256    0.6977    0.3473     0.391    0.1829   0.05316  0.006599  0.002434
    99/399     11.9G   0.06062   0.01095  0.004228    0.0758        15       256    0.6837    0.3484    0.3922    0.1836   0.05307   0.00659  0.002406
   100/399     11.9G   0.06034   0.01097  0.004055   0.07536        30       256    0.7046    0.3441     0.393    0.1844   0.05297  0.006579  0.002381
   101/399     11.9G   0.06058     0.011  0.004395   0.07597        18       256    0.6971    0.3427     0.395    0.1851   0.05289   0.00657  0.002367
   102/399     11.9G   0.05956   0.01093  0.004352   0.07484        22       256     0.649    0.3537    0.3961    0.1859    0.0528   0.00656  0.002341
   103/399     11.9G   0.06072   0.01093  0.004318   0.07598        18       256    0.7114    0.3383    0.3979     0.187   0.05271  0.006548  0.002313
   104/399     11.9G   0.06055   0.01102  0.003979   0.07555        18       256    0.6606    0.3486    0.3988    0.1874   0.05262  0.006539  0.002286
   105/399     11.9G   0.06012   0.01093  0.003806   0.07485        30       256    0.6623    0.3468    0.4004    0.1881   0.05253  0.006528  0.002269
   106/399     11.9G   0.06065   0.01093   0.00428   0.07586        20       256    0.6622    0.3573    0.4018    0.1891   0.05244  0.006518  0.002247
   107/399     11.9G   0.05987   0.01098  0.003873   0.07472        34       256    0.6533    0.3589    0.4033    0.1901   0.05235  0.006509  0.002208
   108/399     11.9G   0.05942   0.01093  0.004252    0.0746        13       256    0.6355    0.3594    0.4039    0.1908   0.05226    0.0065  0.002174
   109/399     11.9G   0.05974   0.01082  0.004169   0.07473        28       256     0.631    0.3609     0.406    0.1918   0.05217  0.006491  0.002147
   110/399     11.9G   0.05944   0.01094   0.00443   0.07481        48       256    0.6344    0.3604    0.4068    0.1929   0.05209  0.006483  0.002119
   111/399     11.9G    0.0592   0.01078  0.003995   0.07397        22       256    0.6468    0.3615    0.4082    0.1936     0.052  0.006473  0.002095
   112/399     11.9G   0.05934   0.01075  0.004277   0.07437        27       256    0.6579    0.3659     0.409    0.1941   0.05192  0.006465  0.002081
   113/399     11.9G   0.05938   0.01067   0.00433   0.07438        25       256    0.6616    0.3644    0.4105     0.195   0.05184  0.006456  0.002063
   114/399     11.9G   0.05928   0.01076  0.004106   0.07414        23       256    0.6377    0.3846    0.4124    0.1961   0.05176  0.006446  0.002047
   115/399     11.9G   0.05913   0.01067  0.004507   0.07431        17       256     0.643    0.3855    0.4148    0.1968   0.05167  0.006437   0.00203
   116/399     11.9G   0.06013   0.01087  0.004133   0.07513        33       256    0.6359    0.3896    0.4158    0.1979   0.05159  0.006428  0.002005
   117/399     11.9G   0.05928   0.01075  0.004185   0.07421        23       256    0.6437    0.3877     0.417    0.1987    0.0515   0.00642  0.001985
   118/399     11.9G   0.05915   0.01072  0.004203   0.07408        19       256    0.6464    0.3889    0.4186    0.1995   0.05141   0.00641  0.001961
   119/399     11.9G   0.05894   0.01085     0.004   0.07379        17       256    0.6217    0.3957    0.4203    0.2003   0.05132  0.006402  0.001949
   120/399     11.9G   0.05793   0.01068  0.003925   0.07254        19       256    0.6075    0.4049    0.4218    0.2009   0.05123  0.006393  0.001939
   121/399     11.9G   0.05878   0.01079  0.004093   0.07367        38       256    0.6102    0.4044    0.4229    0.2017   0.05114  0.006386  0.001928
   122/399     11.9G   0.05853   0.01083  0.003994   0.07336        28       256      0.62    0.4019    0.4241    0.2023   0.05106  0.006377  0.001918
   123/399     11.9G   0.05878   0.01079  0.004213   0.07378        26       256    0.6213    0.4032    0.4256    0.2033   0.05097  0.006368  0.001902
   124/399     11.9G   0.05822   0.01074  0.003899   0.07286        48       256    0.6264    0.4039    0.4268    0.2039   0.05087  0.006358  0.001887
   125/399     11.9G   0.05825   0.01084  0.003878   0.07297        52       256      0.63    0.4067    0.4285    0.2045   0.05078  0.006348  0.001872
   126/399     11.9G   0.05812   0.01062  0.003915   0.07265        23       256    0.5983    0.4161    0.4301    0.2052   0.05069  0.006338  0.001863
   127/399     11.9G   0.05812   0.01059   0.00383   0.07254        45       256    0.6134     0.412    0.4316     0.206    0.0506  0.006328  0.001844
   128/399     11.9G   0.05741   0.01068  0.004052   0.07214        21       256    0.6135    0.4121    0.4331    0.2069   0.05051  0.006318  0.001828
   129/399     11.9G   0.05836   0.01071  0.003927   0.07299        65       256    0.6059    0.4169    0.4336     0.208   0.05041  0.006309  0.001811
   130/399     11.9G   0.05774   0.01066  0.003636   0.07203        41       256    0.6105    0.4158    0.4353    0.2092   0.05031  0.006299  0.001797
   131/399     11.9G   0.05735   0.01069  0.003755    0.0718       109       256    0.6105    0.4206    0.4367    0.2101   0.05021  0.006289  0.001774
   132/399     11.9G   0.05746   0.01066  0.003956   0.07208        35       256    0.6102    0.4224    0.4382    0.2108   0.05011  0.006277  0.001758
   133/399     11.9G   0.05737   0.01074  0.003902   0.07201        18       256    0.6201    0.4202    0.4401    0.2114   0.05001  0.006267  0.001738
   134/399     11.9G    0.0573   0.01073  0.003852   0.07188        16       256    0.6287    0.4194    0.4411    0.2125   0.04992  0.006258  0.001727
   135/399     11.9G   0.05738   0.01067  0.003961   0.07201        25       256    0.6301    0.4205    0.4425    0.2131   0.04982  0.006249  0.001714
   136/399     11.9G   0.05769   0.01051  0.003816   0.07202        20       256    0.6222    0.4229    0.4443    0.2141   0.04972  0.006239  0.001694
   137/399     11.9G   0.05675   0.01061    0.0036   0.07096        19       256    0.6177    0.4267    0.4461     0.215   0.04963  0.006229  0.001678
   138/399     11.9G   0.05726   0.01051  0.003884   0.07166        14       256    0.6196    0.4284    0.4475    0.2161   0.04954  0.006218  0.001662
   139/399     11.9G   0.05804   0.01071  0.004154    0.0729        33       256    0.5999    0.4358    0.4487    0.2177   0.04944  0.006208  0.001643
   140/399     11.9G   0.05781   0.01077  0.003918    0.0725        28       256    0.6184    0.4323    0.4509    0.2187   0.04936  0.006199   0.00164
   141/399     11.9G   0.05664   0.01049   0.00352   0.07064        18       256    0.6195    0.4345    0.4529     0.219   0.04928   0.00619  0.001632
   142/399     11.9G   0.05703   0.01065  0.003762   0.07144        63       256    0.6233    0.4348    0.4545    0.2202   0.04919   0.00618   0.00162
   143/399     11.9G    0.0558   0.01045  0.003568   0.06982        14       256     0.633    0.4336    0.4557    0.2208   0.04909  0.006169  0.001607
   144/399     11.9G   0.05659   0.01048  0.003363   0.07043        20       256    0.5884    0.4485    0.4575    0.2217     0.049  0.006159  0.001594
   145/399     11.9G   0.05695   0.01067  0.003981    0.0716        44       256     0.582    0.4527    0.4594    0.2224   0.04891  0.006148   0.00158
   146/399     11.9G   0.05655   0.01055  0.003699    0.0708        30       256    0.5797    0.4548    0.4606    0.2239   0.04882  0.006139  0.001577
   147/399     11.9G   0.05644   0.01054  0.003719    0.0707        20       256    0.6294    0.4399    0.4621    0.2246   0.04872  0.006128  0.001563
   148/399     11.9G   0.05618   0.01051  0.003596   0.07028        57       256    0.6282     0.442    0.4635     0.226   0.04863  0.006118  0.001557
   149/399     11.9G   0.05577   0.01045  0.003749   0.06997        18       256    0.6399     0.442    0.4655    0.2273   0.04854  0.006106  0.001544
   150/399     11.9G   0.05556   0.01042  0.003313   0.06929        36       256    0.6372    0.4444    0.4668    0.2281   0.04844  0.006094  0.001533
   151/399     11.9G   0.05582   0.01034   0.00341   0.06957        31       256    0.6245     0.449    0.4682    0.2291   0.04835  0.006083   0.00152
   152/399     11.9G   0.05571   0.01038  0.003481   0.06957        19       256    0.6318    0.4492    0.4702    0.2299   0.04825  0.006072  0.001499
   153/399     11.9G   0.05547    0.0105  0.003747   0.06971        37       256    0.5958    0.4618    0.4714    0.2308   0.04815  0.006061  0.001478
   154/399     11.9G   0.05529   0.01029  0.003398   0.06898        20       256     0.625    0.4541    0.4735    0.2316   0.04806  0.006049   0.00146
   155/399     11.9G   0.05738   0.01072  0.004242   0.07235        24       256    0.6138    0.4573     0.474    0.2321   0.04796   0.00604  0.001442
   156/399     11.9G   0.05584   0.01042  0.003309   0.06956        25       256    0.6384    0.4506    0.4752     0.233   0.04786  0.006029  0.001418
   157/399     11.9G   0.05608   0.01039  0.003607   0.07008        15       256    0.6221    0.4577    0.4769    0.2339   0.04777  0.006019  0.001405
   158/399     11.9G   0.05568   0.01046  0.003393   0.06953        15       256    0.6278     0.459    0.4792    0.2349   0.04768   0.00601  0.001397
   159/399     11.9G   0.05532   0.01029  0.003299    0.0689        23       256    0.6341    0.4592    0.4807    0.2362   0.04761  0.005999  0.001386
   160/399     11.9G   0.05564   0.01051  0.003882   0.07004        20       256    0.5845    0.4767    0.4822    0.2372   0.04752  0.005989  0.001369
   161/399     11.9G   0.05555    0.0103  0.003504   0.06935        23       256    0.5858    0.4785     0.484    0.2383   0.04743  0.005979  0.001359
   162/399     11.9G   0.05495   0.01045  0.003431   0.06883        15       256    0.5883     0.479    0.4858    0.2389   0.04735  0.005968   0.00135
   163/399     11.9G   0.05528    0.0103  0.003791   0.06937        19       256    0.5872    0.4827    0.4877    0.2399   0.04727  0.005956  0.001339
   164/399     11.9G   0.05527   0.01046  0.003441   0.06917        26       256    0.5957    0.4816    0.4895    0.2409   0.04718  0.005946  0.001329
   165/399     11.9G   0.05519   0.01033  0.003527   0.06904        21       256    0.6287    0.4714    0.4912    0.2425   0.04709  0.005935  0.001321
   166/399     11.9G   0.05585   0.01038  0.003625   0.06985        31       256    0.6373    0.4704    0.4928    0.2434   0.04701  0.005924  0.001314
   167/399     11.9G   0.05493   0.01033  0.003212   0.06847        32       256    0.6253    0.4782     0.495    0.2445   0.04693  0.005914  0.001305
   168/399     11.9G   0.05493   0.01033    0.0035   0.06877        41       256    0.6153    0.4837    0.4971    0.2457   0.04685  0.005903  0.001299
   169/399     11.9G   0.05491   0.01015  0.003213   0.06827        20       256    0.6527    0.4713    0.4985    0.2466   0.04676  0.005893  0.001289
   170/399     11.9G   0.05494   0.01037  0.003828   0.06913        28       256    0.6547    0.4729    0.4996    0.2476   0.04668  0.005882   0.00128
   171/399     11.9G   0.05411   0.01024  0.003422   0.06777        21       256     0.655    0.4754    0.5007    0.2484    0.0466  0.005872   0.00127
   172/399     11.9G   0.05441   0.01026  0.003025   0.06769        27       256    0.6649    0.4742    0.5024    0.2494   0.04652  0.005862  0.001264
   173/399     11.9G   0.05443   0.01028    0.0037   0.06841        43       256    0.6792    0.4696    0.5034    0.2504   0.04643  0.005853  0.001259
   174/399     11.9G   0.05408   0.01031  0.003294   0.06768        26       256    0.6358    0.4853    0.5046    0.2516   0.04635  0.005841  0.001257
   175/399     11.9G   0.05422   0.01019  0.003286    0.0677        17       256    0.6775    0.4756    0.5067    0.2524   0.04628  0.005831   0.00125
   176/399     11.9G    0.0539   0.01022   0.00336   0.06748        21       256    0.6887    0.4742    0.5081    0.2535    0.0462   0.00582  0.001244
   177/399     11.9G   0.05352    0.0102  0.003188   0.06691        27       256    0.6962     0.475    0.5103    0.2547   0.04611  0.005809  0.001238
   178/399     11.9G   0.05364   0.00998  0.003139   0.06676        24       256    0.6557      0.49    0.5122    0.2563   0.04602  0.005797  0.001231
   179/399     11.9G   0.05366   0.01009  0.003307   0.06706        16       256    0.6546     0.491    0.5136    0.2568   0.04592  0.005786  0.001224
   180/399     11.9G   0.05399   0.01023  0.003226   0.06745        30       256    0.6534    0.4929    0.5148    0.2577   0.04583  0.005775   0.00122
   181/399     11.9G   0.05395   0.01021  0.003479   0.06764        34       256    0.6531    0.4945     0.515    0.2585   0.04576  0.005765  0.001215
   182/399     11.9G   0.05362    0.0101  0.003134   0.06686        29       256    0.6569    0.4943    0.5163    0.2599   0.04567  0.005755  0.001206
   183/399     11.9G   0.05384   0.01013  0.003314   0.06729        22       256    0.6527    0.4974    0.5173    0.2606   0.04558  0.005743  0.001198
   184/399     11.9G   0.05351   0.01007  0.003163   0.06675        24       256    0.6525    0.4997     0.519    0.2614    0.0455  0.005733   0.00119
   185/399     11.9G   0.05341   0.01008  0.003343   0.06684        28       256    0.6547     0.501    0.5207    0.2627   0.04541  0.005723  0.001185
   186/399     11.9G   0.05375   0.01018  0.003285   0.06721        16       256    0.6553    0.5031    0.5225    0.2639   0.04533  0.005712  0.001179
   187/399     11.9G   0.05326   0.01026  0.003322   0.06684        35       256    0.6632    0.5015    0.5235    0.2647   0.04524  0.005702  0.001171
   188/399     11.9G   0.05354   0.01011  0.003273   0.06693        10       256    0.6603    0.5032    0.5247    0.2659   0.04516  0.005692  0.001165
   189/399     11.9G   0.05345   0.01015  0.003514   0.06712        27       256    0.6569    0.5069    0.5263     0.267   0.04507  0.005682  0.001156
   190/399     11.9G   0.05423   0.01018  0.003472   0.06788        30       256    0.6561    0.5091    0.5276    0.2679   0.04499  0.005673  0.001148
   191/399     11.9G   0.05357  0.009996  0.003213   0.06678        19       256    0.6463    0.5133    0.5281    0.2688   0.04491  0.005663  0.001143
   192/399     11.9G   0.05299   0.01014  0.003231   0.06637        13       256    0.6383    0.5186    0.5293    0.2698   0.04483  0.005653   0.00114
   193/399     11.9G   0.05274   0.01015  0.003143   0.06602        26       256    0.6408    0.5209    0.5313    0.2712   0.04474  0.005643  0.001135
   194/399     11.9G   0.05232  0.009931  0.003079   0.06533        27       256    0.6465    0.5206    0.5325    0.2725   0.04465  0.005633  0.001127
   195/399     11.9G    0.0519  0.009892  0.002947   0.06474        32       256    0.6476     0.522    0.5332    0.2737   0.04456  0.005622  0.001116
   196/399     11.9G   0.05282   0.01004  0.003152   0.06601        26       256    0.6519    0.5232    0.5354    0.2747   0.04448  0.005612  0.001107
   197/399     11.9G   0.05243   0.01004  0.003105   0.06558        24       256    0.6694    0.5188    0.5366    0.2758   0.04439  0.005601  0.001101
   198/399     11.9G   0.05283   0.01022   0.00321   0.06626        26       256    0.6651    0.5216    0.5378     0.277   0.04431   0.00559  0.001094
   199/399     11.9G   0.05224  0.009986  0.003158   0.06538        26       256    0.6691    0.5225    0.5395    0.2786   0.04422  0.005579  0.001086
   200/399     11.9G   0.05223  0.009942  0.003124    0.0653        27       256    0.6648    0.5271    0.5413    0.2792   0.04414  0.005569  0.001082
   201/399     11.9G   0.05191  0.009968  0.003087   0.06496        24       256    0.6711     0.526    0.5417      0.28   0.04405  0.005559  0.001074
   202/399     11.9G   0.05185  0.009985  0.002974   0.06481        32       256    0.6755    0.5258    0.5435    0.2811   0.04397  0.005549  0.001066
   203/399     11.9G   0.05196  0.009989  0.002924   0.06487        25       256    0.6749    0.5282    0.5449    0.2823   0.04389  0.005539  0.001058
   204/399     11.9G    0.0525  0.009999  0.003035   0.06554        17       256    0.6806     0.527    0.5465    0.2831   0.04382  0.005528  0.001052
   205/399     11.9G   0.05236   0.01007  0.003337   0.06577        30       256    0.6595    0.5361    0.5469    0.2838   0.04374  0.005519  0.001046
   206/399     11.9G   0.05171  0.009867  0.003208   0.06478        32       256    0.6558    0.5384    0.5476    0.2851   0.04367  0.005509  0.001038
   207/399     11.9G   0.05193   0.00982   0.00335    0.0651        34       256    0.6564    0.5394    0.5486    0.2861   0.04359  0.005499  0.001034
   208/399     11.9G   0.05185  0.009828  0.002888   0.06456        17       256    0.6526     0.542      0.55    0.2873   0.04351  0.005489  0.001031
   209/399     11.9G    0.0517  0.009832  0.003079   0.06461        21       256    0.6605    0.5403    0.5509    0.2881   0.04344   0.00548  0.001023
   210/399     11.9G    0.0518  0.009877  0.003236   0.06491        12       256    0.6458    0.5488    0.5524    0.2891   0.04337   0.00547  0.001018
   211/399     11.9G   0.05167  0.009909  0.003028   0.06461        17       256    0.6478     0.549    0.5537      0.29   0.04329   0.00546  0.001011
   212/399     11.9G   0.05167  0.009935  0.003077   0.06469        24       256    0.6495    0.5494    0.5545    0.2906   0.04322   0.00545  0.001006
   213/399     11.9G   0.05116   0.00986   0.00277   0.06379        22       256    0.6507    0.5506    0.5558    0.2913   0.04316  0.005442  0.001003
   214/399     11.9G   0.05101  0.009877  0.002948   0.06383        14       256    0.6717    0.5444     0.557    0.2923   0.04308  0.005433 0.0009939
   215/399     11.9G   0.05111  0.009815  0.003108   0.06403        41       256    0.6637    0.5481    0.5576    0.2928   0.04301  0.005422 0.0009882
   216/399     11.9G   0.05101  0.009736  0.002831   0.06358        19       256    0.6798    0.5454      0.56    0.2944   0.04293  0.005413 0.0009771
   217/399     11.9G   0.05074  0.009696  0.003071   0.06351        15       256    0.6811    0.5468     0.561    0.2951   0.04285  0.005404 0.0009666
   218/399     11.9G   0.05115  0.009697  0.002873   0.06372        18       256    0.6825    0.5474    0.5619    0.2966   0.04278  0.005396 0.0009567
   219/399     11.9G   0.05111  0.009841  0.002929   0.06389        29       256    0.6854    0.5485    0.5634    0.2972   0.04271  0.005386 0.0009402
   220/399     11.9G   0.05076  0.009758  0.002986   0.06351        28       256    0.6888    0.5491    0.5652    0.2977   0.04264  0.005378   0.00093
   221/399     11.9G   0.05112  0.009846  0.003052   0.06402        25       256    0.6801    0.5538    0.5665    0.2983   0.04258  0.005369 0.0009198
   222/399     11.9G   0.05046  0.009675  0.002876   0.06301        14       256    0.7289    0.5398    0.5678    0.2994   0.04251   0.00536 0.0009136
   223/399     11.9G   0.05063   0.00985  0.002917    0.0634        33       256    0.7324    0.5397    0.5691    0.3006   0.04244  0.005352 0.0009056
   224/399     11.9G    0.0509  0.009755  0.002947    0.0636        24       256    0.7334      0.54    0.5694    0.3014   0.04237  0.005343 0.0008994
   225/399     11.9G   0.05092  0.009718  0.002885   0.06353        23       256    0.7186     0.546    0.5706     0.302    0.0423  0.005334 0.0008932
   226/399     11.9G   0.05054  0.009757  0.002859   0.06316        30       256    0.6555    0.5721    0.5718    0.3031   0.04223  0.005325 0.0008888
   227/399     11.9G   0.04963  0.009673  0.002783   0.06208        17       256    0.7259    0.5464     0.573    0.3038   0.04215  0.005315 0.0008835
   228/399     11.9G   0.05046  0.009761  0.003166   0.06339        23       256    0.7196    0.5498    0.5745    0.3044   0.04208  0.005306 0.0008792
   229/399     11.9G   0.05041   0.00967  0.002713    0.0628        27       256    0.7247    0.5507    0.5762    0.3059   0.04201  0.005297 0.0008753
   230/399     11.9G   0.05042  0.009592    0.0028   0.06282        23       256    0.6712    0.5721    0.5768    0.3069   0.04194  0.005288 0.0008707
   231/399     11.9G   0.05003  0.009659  0.002873   0.06256        18       256    0.6849    0.5675    0.5776    0.3075   0.04187  0.005279 0.0008672
   232/399     11.9G   0.05055  0.009833  0.003122   0.06351        36       256    0.6939    0.5658    0.5791    0.3081    0.0418  0.005271 0.0008637
   233/399     11.9G   0.04974  0.009624  0.002812   0.06217        23       256    0.6923     0.568    0.5806    0.3095   0.04173  0.005262 0.0008596
   234/399     11.9G   0.04964  0.009556  0.002915   0.06211        22       256    0.6945    0.5696    0.5828    0.3102   0.04166  0.005253 0.0008549
   235/399     11.9G   0.04963  0.009676  0.003035   0.06234        24       256    0.6908    0.5732    0.5839    0.3109   0.04159  0.005244   0.00085
   236/399     11.9G   0.04958  0.009535  0.002708   0.06182        40       256     0.706     0.567    0.5841    0.3121   0.04152  0.005235 0.0008467
   237/399     11.9G   0.04991  0.009618  0.002802   0.06233        25       256    0.6948     0.574    0.5863    0.3132   0.04145  0.005225  0.000842
   238/399     11.9G   0.04945  0.009726  0.002998   0.06217        28       256     0.697    0.5748    0.5876    0.3143   0.04137  0.005217 0.0008387
   239/399     11.9G   0.04923  0.009648  0.002623   0.06151        22       256    0.6982    0.5763    0.5891    0.3155   0.04129  0.005208 0.0008343
   240/399     11.9G   0.04968  0.009654  0.002967    0.0623        22       256    0.6998    0.5763    0.5898    0.3165   0.04122  0.005198 0.0008313
   241/399     11.9G   0.04921  0.009621  0.002768    0.0616        20       256    0.7049    0.5761    0.5908    0.3174   0.04115  0.005189 0.0008277
   242/399     11.9G   0.04897  0.009482   0.00257   0.06102        11       256    0.7085    0.5774    0.5922    0.3183   0.04108   0.00518 0.0008237
   243/399     11.9G   0.04985  0.009716  0.002959   0.06253        24       256    0.7126    0.5789    0.5932    0.3194   0.04101  0.005171 0.0008209
   244/399     11.9G   0.04971  0.009601  0.003084   0.06239        24       256    0.7154    0.5795    0.5954    0.3208   0.04094  0.005162 0.0008177
   245/399     11.9G   0.04952  0.009642  0.002606   0.06177        20       256    0.7145    0.5809    0.5964    0.3216   0.04087  0.005153 0.0008142
   246/399     11.9G   0.04926  0.009656  0.002778   0.06169        16       256    0.7185    0.5803    0.5973    0.3224    0.0408  0.005145 0.0008123
   247/399     11.9G   0.04859  0.009547  0.002619   0.06076        38       256    0.7302    0.5769    0.5988    0.3231   0.04073  0.005137 0.0008095
   248/399     11.9G   0.04842  0.009461  0.002439   0.06032        33       256    0.7335     0.577    0.5998    0.3239   0.04066  0.005128 0.0008057
   249/399     11.9G   0.04905  0.009548  0.002865   0.06146        24       256     0.735    0.5785    0.6011    0.3252   0.04059   0.00512 0.0008021
   250/399     11.9G   0.04873  0.009505  0.002664    0.0609        63       256    0.7275    0.5812    0.6018    0.3259   0.04052  0.005112 0.0008012
   251/399     11.9G   0.04962  0.009734  0.003087   0.06244        27       256    0.7268    0.5812    0.6021    0.3264   0.04045  0.005105 0.0007993
   252/399     11.9G   0.04866  0.009552   0.00288   0.06109        26       256    0.7383    0.5794    0.6032    0.3271   0.04038  0.005097 0.0007981
   253/399     11.9G   0.04901   0.00951   0.00273   0.06125        20       256    0.7409    0.5797    0.6042     0.328   0.04031  0.005088 0.0007947
   254/399     11.9G   0.04885  0.009479   0.00274   0.06107        40       256    0.7501    0.5781    0.6056    0.3287   0.04023   0.00508 0.0007921
   255/399     11.9G   0.04856  0.009516  0.003033   0.06111        31       256    0.7442    0.5807    0.6068    0.3295   0.04015  0.005073 0.0007899
   256/399     11.9G   0.04889  0.009597  0.002868   0.06136        32       256    0.7591    0.5785     0.609    0.3305   0.04009  0.005066 0.0007891
   257/399     11.9G   0.04866  0.009523  0.002903   0.06109        17       256    0.7576    0.5802    0.6098    0.3317   0.04002  0.005058 0.0007861
   258/399     11.9G   0.04827   0.00947  0.002703   0.06044        23       256    0.7573    0.5809    0.6106    0.3324   0.03996   0.00505 0.0007835
   259/399     11.9G   0.04834  0.009429  0.002698   0.06047        16       256    0.7463     0.585    0.6119    0.3331   0.03989  0.005043 0.0007796
   260/399     11.9G   0.04822  0.009457  0.002797   0.06047        73       256    0.7449    0.5865    0.6132    0.3344   0.03982  0.005035 0.0007766
   261/399     11.9G   0.04796   0.00945  0.002553   0.05996        13       256    0.7545     0.584    0.6144    0.3354   0.03976  0.005028 0.0007728
   262/399     11.9G   0.04812  0.009406  0.002659   0.06018        22       256    0.7687    0.5796    0.6149    0.3359    0.0397   0.00502 0.0007684
   263/399     11.9G   0.04779  0.009251  0.002582   0.05962        27       256    0.7603    0.5838    0.6164    0.3368   0.03964  0.005013 0.0007666
   264/399     11.9G   0.04773  0.009256  0.002635   0.05962        23       256    0.7539    0.5877    0.6177    0.3378   0.03958  0.005006 0.0007653
   265/399     11.9G   0.04772  0.009315  0.002709   0.05975        28       256    0.7407    0.5931    0.6185    0.3387   0.03952  0.004999 0.0007622
   266/399     11.9G   0.04798  0.009358  0.002625   0.05996        31       256    0.7342     0.597    0.6194    0.3394   0.03946  0.004991 0.0007589
   267/399     11.9G   0.04795  0.009408   0.00268   0.06004        13       256    0.7324     0.599    0.6202      0.34    0.0394  0.004984 0.0007548
   268/399     11.9G   0.04775  0.009306  0.002638    0.0597        63       256     0.733    0.5989    0.6206    0.3408   0.03934  0.004977 0.0007512
   269/399     11.9G   0.04752  0.009338  0.002519   0.05938        24       256    0.7323    0.6007    0.6226    0.3419   0.03928  0.004971  0.000746
   270/399     11.9G   0.04769  0.009232  0.002713   0.05963        29       256    0.7615     0.591    0.6236    0.3426   0.03923  0.004963 0.0007427
   271/399     11.9G   0.04747  0.009319  0.002731   0.05952        32       256    0.7313     0.604     0.625    0.3434   0.03917  0.004957 0.0007397
   272/399     11.9G   0.04739  0.009149  0.002429   0.05896        18       256    0.7589    0.5938    0.6254     0.344   0.03911   0.00495 0.0007363
   273/399     11.9G   0.04743  0.009365  0.002515   0.05931        25       256     0.763    0.5934    0.6266    0.3452   0.03906  0.004942 0.0007336
   274/399     11.9G   0.04761  0.009374  0.002554   0.05953        25       256     0.717    0.6146    0.6268    0.3462   0.03901  0.004936 0.0007295
   275/399     11.9G   0.04716  0.009241  0.002535   0.05894        32       256    0.7157    0.6155     0.627     0.347   0.03895  0.004929 0.0007252
   276/399     11.9G    0.0473  0.009195   0.00266   0.05916        21       256    0.7541    0.5995    0.6277    0.3476    0.0389  0.004921 0.0007232
   277/399     11.9G   0.04728   0.00924  0.002719   0.05924        16       256    0.7605    0.5983    0.6283    0.3483   0.03884  0.004914   0.00072
   278/399     11.9G   0.04715  0.009346  0.002579   0.05907        29       256    0.7592    0.6001    0.6297    0.3493   0.03878  0.004907  0.000718
   279/399     11.9G   0.04675  0.009068  0.002425   0.05825        12       256     0.762    0.6005    0.6308    0.3505   0.03872  0.004899  0.000714
   280/399     11.9G   0.04707  0.009208  0.002586   0.05887        19       256    0.7638    0.6009    0.6317    0.3513   0.03867  0.004892 0.0007108
   281/399     11.9G   0.04655  0.009111  0.002641    0.0583        23       256    0.7618    0.6027    0.6315    0.3514   0.03861  0.004885 0.0007073
   282/399     11.9G   0.04661  0.009158  0.002665   0.05844        17       256    0.7684    0.6005    0.6321    0.3519   0.03856  0.004878 0.0007035
   283/399     11.9G   0.04662  0.009203  0.002451   0.05827        32       256     0.757    0.6056    0.6333    0.3526   0.03851  0.004871 0.0007004
   284/399     11.9G   0.04606  0.009124  0.002496   0.05768        27       256    0.7626    0.6052    0.6345    0.3535   0.03845  0.004864 0.0006967
   285/399     11.9G     0.047  0.009306  0.002623   0.05893        42       256    0.7613    0.6075    0.6359    0.3546    0.0384  0.004857 0.0006951
   286/399     11.9G   0.04643  0.009134  0.002468   0.05803        22       256    0.7478    0.6134    0.6365     0.355   0.03835  0.004851  0.000692
   287/399     11.9G   0.04709  0.009268  0.002623   0.05898        25       256    0.7668    0.6068    0.6373     0.356    0.0383  0.004845 0.0006925
   288/399     11.9G   0.04611  0.009124  0.002527   0.05776        17       256    0.7312    0.6229    0.6374    0.3565   0.03825  0.004838 0.0006912
   289/399     11.9G   0.04636  0.009065  0.002397   0.05783        25       256    0.7325    0.6233    0.6381    0.3578    0.0382  0.004832 0.0006895
   290/399     11.9G   0.04627  0.009127  0.002437   0.05784        31       256    0.7314    0.6243    0.6389    0.3581   0.03815  0.004825 0.0006871
   291/399     11.9G   0.04587  0.008986   0.00237   0.05723        13       256    0.7307     0.625    0.6397    0.3589    0.0381  0.004818 0.0006842
   292/399     11.9G   0.04612  0.009074  0.002649   0.05784        25       256    0.7362     0.624    0.6404    0.3596   0.03804  0.004812 0.0006817
   293/399     11.9G   0.04557  0.008991  0.002373   0.05694        10       256    0.7566     0.616    0.6417    0.3604     0.038  0.004805 0.0006796
   294/399     11.9G   0.04537  0.008948  0.002182    0.0565        41       256    0.7413     0.625    0.6423    0.3612   0.03795  0.004798 0.0006764
   295/399     11.9G   0.04594  0.009044  0.002527   0.05751        26       256    0.7419    0.6254    0.6428     0.362    0.0379  0.004791 0.0006738
   296/399     11.9G   0.04578  0.009078  0.002541    0.0574        16       256    0.7384    0.6273    0.6439    0.3627   0.03785  0.004785 0.0006714
   297/399     11.9G   0.04624   0.00905  0.002512    0.0578        19       256    0.7352    0.6307    0.6448    0.3631    0.0378  0.004779 0.0006702
   298/399     11.9G   0.04594  0.009136  0.002481   0.05756        18       256    0.7394    0.6295    0.6459    0.3639   0.03775  0.004773 0.0006683
   299/399     11.9G   0.04539  0.009037  0.002336   0.05676        27       256    0.7527    0.6248    0.6471    0.3644    0.0377  0.004767 0.0006672
   300/399     11.9G    0.0449  0.008864  0.002275   0.05603        32       256    0.7536    0.6242    0.6476    0.3653   0.03765  0.004761 0.0006649
   301/399     11.9G   0.04553  0.009012  0.002523   0.05707        28       256    0.7645    0.6222    0.6492    0.3662    0.0376  0.004755 0.0006622
   302/399     11.9G   0.04533  0.009065  0.002441   0.05684        32       256    0.7636    0.6236    0.6505    0.3668   0.03754  0.004749 0.0006593
   303/399     11.9G   0.04548  0.008932  0.002591     0.057        32       256    0.7666    0.6231    0.6515    0.3674    0.0375  0.004743  0.000658
   304/399     11.9G   0.04527  0.008913  0.002227   0.05641        39       256     0.769    0.6233    0.6524    0.3677   0.03745  0.004737 0.0006558
   305/399     11.9G   0.04504  0.008895  0.002422   0.05635        28       256    0.7668    0.6254    0.6535    0.3683    0.0374  0.004731  0.000654
   306/399     11.9G   0.04501  0.009019  0.002552   0.05658        17       256    0.7667     0.626    0.6544    0.3693   0.03736  0.004724 0.0006516
   307/399     11.9G   0.04539  0.008928  0.002681     0.057        18       256    0.7689    0.6265    0.6551      0.37   0.03731  0.004719  0.000649
   308/399     11.9G   0.04472  0.008891  0.002232   0.05585        25       256     0.768    0.6272    0.6555    0.3711   0.03727  0.004712 0.0006471
   309/399     11.9G   0.04486   0.00892  0.002421    0.0562        24       256    0.7633    0.6294    0.6563    0.3715   0.03722  0.004706 0.0006449
   310/399     11.9G   0.04539  0.008988  0.002474   0.05685        26       256     0.766    0.6302    0.6579    0.3727   0.03718  0.004699 0.0006419
   311/399     11.9G   0.04512  0.009004  0.002319   0.05644        13       256    0.7672    0.6324    0.6599    0.3734   0.03713  0.004693 0.0006405
   312/399     11.9G   0.04529  0.009103  0.002404    0.0568        24       256    0.7674    0.6336    0.6604    0.3739   0.03708  0.004686 0.0006379
   313/399     11.9G   0.04511  0.008992  0.002449   0.05655        61       256    0.7674    0.6333    0.6606    0.3747   0.03704   0.00468 0.0006359
   314/399     11.9G   0.04446  0.008828  0.002413    0.0557        23       256    0.7634    0.6354    0.6613    0.3754     0.037  0.004675 0.0006341
   315/399     11.9G   0.04422  0.008816  0.002368    0.0554        20       256    0.7601    0.6367    0.6615     0.376   0.03695  0.004669 0.0006314
   316/399     11.9G   0.04523  0.008965   0.00245   0.05664        27       256    0.7671    0.6348    0.6622    0.3761   0.03691  0.004663 0.0006306
   317/399     11.9G   0.04467  0.008929  0.002288   0.05589        23       256    0.7575    0.6397    0.6629    0.3765   0.03686  0.004657 0.0006295
   318/399     11.9G   0.04471  0.008956  0.002477   0.05615        25       256    0.7598    0.6402    0.6632    0.3775   0.03683  0.004652 0.0006286
   319/399     11.9G   0.04547  0.008898  0.002397   0.05677        55       256    0.7697    0.6368    0.6643     0.378   0.03679  0.004646 0.0006281
   320/399     11.9G   0.04485  0.008904  0.002373   0.05612        22       256    0.7735    0.6364    0.6652    0.3785   0.03675   0.00464 0.0006275
   321/399     11.9G   0.04458  0.008867  0.002473   0.05592        23       256    0.7549    0.6462    0.6657    0.3788   0.03671  0.004634 0.0006258
   322/399     11.9G   0.04412  0.008856   0.00232    0.0553        26       256    0.7599    0.6455    0.6665    0.3796   0.03667  0.004628  0.000625
   323/399     11.9G   0.04413  0.008808  0.002202   0.05514        27       256    0.7607    0.6448    0.6668      0.38   0.03662  0.004622 0.0006234
   324/399     11.9G   0.04423  0.008868  0.002174   0.05527        21       256    0.7596    0.6463    0.6677    0.3809   0.03658  0.004616 0.0006217
   325/399     11.9G   0.04428  0.008853   0.00236   0.05549        24       256    0.7659    0.6454    0.6683    0.3809   0.03654   0.00461 0.0006201
   326/399     11.9G   0.04483  0.008786  0.002486    0.0561        28       256    0.7582    0.6495    0.6685    0.3815    0.0365  0.004604 0.0006199
   327/399     11.9G   0.04475   0.00896  0.002643   0.05635        45       256    0.7593     0.651    0.6694    0.3822   0.03646  0.004598 0.0006193
   328/399     11.9G    0.0439  0.008681  0.002249   0.05483        23       256    0.7595    0.6517    0.6704    0.3831   0.03642   0.00459 0.0006179
   329/399     11.9G   0.04334  0.008772  0.002178   0.05429        25       256    0.7654    0.6498    0.6707    0.3837   0.03638  0.004584 0.0006159
   330/399     11.9G   0.04392  0.008743  0.002368   0.05503        26       256    0.7748    0.6465    0.6711    0.3844   0.03634  0.004578 0.0006142
   331/399     11.9G   0.04414  0.008781  0.002263   0.05518        33       256    0.7772    0.6464    0.6715    0.3841    0.0363  0.004571 0.0006126
   332/399     11.9G   0.04399  0.008817  0.002395    0.0552        33       256    0.7737    0.6491    0.6721    0.3853   0.03626  0.004565 0.0006107
   333/399     11.9G   0.04368  0.008599  0.002273   0.05455        77       256    0.7695    0.6524    0.6725    0.3854   0.03622  0.004559  0.000609
   334/399     11.9G   0.04369  0.008771  0.002208   0.05467        20       256    0.7776    0.6498    0.6735    0.3863   0.03618  0.004553 0.0006075
   335/399     11.9G   0.04373  0.008731  0.002094   0.05455        21       256    0.7812    0.6492    0.6738    0.3869   0.03614  0.004547 0.0006061
   336/399     11.9G   0.04343  0.008648  0.002271   0.05435        15       256    0.7813    0.6503    0.6748    0.3872    0.0361  0.004542 0.0006041
   337/399     11.9G   0.04408  0.008804  0.002261   0.05515        37       256     0.782    0.6512    0.6757    0.3878   0.03607  0.004536 0.0006028
   338/399     11.9G   0.04327  0.008631  0.002172   0.05407        57       256    0.7755    0.6555    0.6768    0.3885   0.03604  0.004531 0.0006014
   339/399     11.9G   0.04336  0.008708  0.002254   0.05432        28       256    0.7778    0.6552     0.677    0.3889     0.036  0.004525    0.0006
   340/399     11.9G   0.04349  0.008741  0.002318   0.05455        24       256    0.7772    0.6568    0.6779    0.3896   0.03596   0.00452 0.0005988
   341/399     11.9G    0.0431  0.008703  0.002094    0.0539        39       256     0.792    0.6519    0.6793    0.3899   0.03592  0.004515 0.0005971
   342/399     11.9G    0.0431  0.008693  0.002405    0.0542        18       256    0.7856    0.6551    0.6796    0.3909   0.03588   0.00451 0.0005951
   343/399     11.9G    0.0437  0.008558   0.00219   0.05445        17       256    0.8026    0.6494    0.6809     0.391   0.03585  0.004505 0.0005937
   344/399     11.9G   0.04332  0.008603  0.002328   0.05425        59       256    0.8034    0.6505    0.6809     0.392   0.03582  0.004501 0.0005929
   345/399     11.9G   0.04321  0.008612  0.002211   0.05403        49       256    0.7729    0.6638    0.6819    0.3925   0.03578  0.004496 0.0005928
   346/399     11.9G    0.0427  0.008773   0.00217   0.05365        35       256    0.8056    0.6507    0.6823    0.3929   0.03575   0.00449 0.0005913
   347/399     11.9G   0.04352  0.008699  0.002375   0.05459        29       256    0.7718    0.6645    0.6818    0.3933   0.03572  0.004485 0.0005894
   348/399     11.9G    0.0429  0.008689  0.002396   0.05398        24       256    0.7735    0.6639    0.6824    0.3939   0.03568   0.00448 0.0005881
   349/399     11.9G   0.04255  0.008655  0.002332   0.05354        34       256    0.7796    0.6618    0.6831     0.394   0.03565  0.004474 0.0005862
   350/399     11.9G   0.04262  0.008593  0.002203   0.05342        22       256    0.7697    0.6671    0.6836    0.3944   0.03562   0.00447 0.0005853
   351/399     11.9G   0.04295  0.008612  0.002316   0.05388        20       256    0.7787    0.6658    0.6852    0.3949   0.03559  0.004465  0.000584
   352/399     11.9G   0.04314  0.008642   0.00224   0.05403        69       256    0.7755    0.6683     0.686    0.3957   0.03555   0.00446 0.0005824
   353/399     11.9G   0.04287  0.008542  0.002244   0.05366        26       256    0.7777    0.6691    0.6873    0.3965   0.03552  0.004455  0.000582
   354/399     11.9G    0.0428  0.008622  0.002315   0.05373        27       256    0.7796     0.669    0.6882    0.3968   0.03548   0.00445 0.0005814
   355/399     11.9G   0.04319  0.008523  0.002322   0.05404        16       256    0.7806    0.6699    0.6892    0.3972   0.03545  0.004445 0.0005812
   356/399     11.9G   0.04303  0.008633  0.002201   0.05387        36       256    0.7805    0.6709    0.6902     0.398   0.03541  0.004439 0.0005802
   357/399     11.9G   0.04286  0.008552  0.002173   0.05358        36       256    0.7831    0.6702    0.6904    0.3988   0.03538  0.004435 0.0005798
   358/399     11.9G    0.0426  0.008553  0.002035   0.05319        24       256    0.7814    0.6713    0.6905    0.3987   0.03535  0.004429 0.0005784
   359/399     11.9G   0.04287  0.008616  0.002238   0.05372        35       256    0.7831     0.671     0.691    0.3992   0.03532  0.004425 0.0005783
   360/399     11.9G   0.04223  0.008545  0.002086   0.05286        22       256    0.7977    0.6644    0.6908    0.3999   0.03529   0.00442  0.000577
   361/399     11.9G   0.04249   0.00849  0.002277   0.05325        20       256    0.8004    0.6644    0.6921    0.4004   0.03525  0.004415 0.0005763
   362/399     11.9G   0.04221   0.00853   0.00215   0.05289        10       256    0.8035    0.6631    0.6923    0.4012   0.03522  0.004411 0.0005756
   363/399     11.9G   0.04259  0.008492  0.002279   0.05336        23       256    0.8053    0.6639    0.6927    0.4015    0.0352  0.004406 0.0005748
   364/399     11.9G   0.04269  0.008605  0.002225   0.05352        26       256    0.7859     0.673    0.6939    0.4019   0.03517  0.004402 0.0005741
   365/399     11.9G   0.04256  0.008471  0.002254   0.05329        20       256    0.7914     0.671    0.6939    0.4025   0.03514  0.004397 0.0005741
   366/399     11.9G   0.04187  0.008483  0.002111   0.05246        33       256    0.7905    0.6714    0.6939     0.403   0.03512  0.004393  0.000574
   367/399     11.9G   0.04253  0.008665  0.002138   0.05334        49       256    0.7923    0.6721    0.6949    0.4035   0.03509  0.004389 0.0005733
   368/399     11.9G   0.04219  0.008576  0.002092   0.05286        55       256    0.7767     0.681    0.6959    0.4039   0.03506  0.004385 0.0005716
   369/399     11.9G   0.04235  0.008565  0.002178   0.05309        29       256    0.7751    0.6823    0.6961    0.4044   0.03504   0.00438 0.0005706
   370/399     11.9G   0.04232   0.00845  0.002298   0.05307        13       256     0.778    0.6819    0.6969    0.4049   0.03501  0.004377 0.0005706
   371/399     11.9G   0.04201  0.008492  0.002194    0.0527        20       256    0.7898     0.678     0.698    0.4058   0.03499  0.004373 0.0005701
   372/399     11.9G   0.04199  0.008486  0.002049   0.05252        59       256    0.7895     0.679    0.6984    0.4063   0.03496   0.00437 0.0005689
   373/399     11.9G   0.04212  0.008453  0.002036   0.05261        38       256    0.7814    0.6837    0.6991    0.4074   0.03493  0.004366 0.0005678
   374/399     11.9G   0.04215  0.008483  0.002054   0.05269        22       256     0.782    0.6847    0.6997    0.4076    0.0349  0.004362 0.0005673
   375/399     11.9G   0.04191  0.008394  0.002001    0.0523        14       256    0.7825    0.6847    0.7002    0.4083   0.03488  0.004357  0.000567
   376/399     11.9G   0.04241  0.008586  0.002142   0.05314        56       256    0.7833    0.6857    0.7009    0.4085   0.03485  0.004354 0.0005663
   377/399     11.9G   0.04214  0.008548  0.002277   0.05296        27       256    0.7871    0.6861    0.7013     0.409   0.03482   0.00435 0.0005655
   378/399     11.9G   0.04212  0.008527  0.002152    0.0528        25       256    0.7892    0.6856    0.7019    0.4095    0.0348  0.004346 0.0005655
   379/399     11.9G   0.04186  0.008429   0.00205   0.05234        23       256    0.7896    0.6848    0.7022    0.4099   0.03478  0.004342 0.0005657
   380/399     11.9G     0.042  0.008538   0.00217   0.05271        20       256    0.7897    0.6853    0.7028    0.4104   0.03475  0.004338 0.0005653
   381/399     11.9G   0.04204  0.008473  0.002126   0.05264        56       256    0.7876    0.6873     0.703    0.4106   0.03472  0.004335  0.000565
   382/399     11.9G   0.04264  0.008551  0.002378   0.05356        21       256    0.7894    0.6867    0.7034    0.4105    0.0347  0.004331 0.0005649
   383/399     11.9G   0.04183  0.008443  0.002114   0.05238        13       256    0.7969    0.6845    0.7044    0.4109   0.03467  0.004327 0.0005642
   384/399     11.9G   0.04234  0.008477  0.002237   0.05305        22       256    0.7969    0.6851    0.7047    0.4111   0.03465  0.004324 0.0005632
   385/399     11.9G   0.04207  0.008496  0.002249   0.05281        15       256     0.799    0.6842    0.7047    0.4115   0.03463   0.00432 0.0005626
   386/399     11.9G   0.04185  0.008536  0.002241   0.05263        28       256    0.7945    0.6858     0.705    0.4116   0.03461  0.004317 0.0005624
   387/399     11.9G   0.04225  0.008552  0.002367   0.05317        18       256    0.7921    0.6875    0.7063    0.4124   0.03459  0.004313 0.0005616
   388/399     11.9G   0.04198  0.008404  0.002014    0.0524        30       256    0.7962    0.6865    0.7067    0.4131   0.03457  0.004309 0.0005613
   389/399     11.9G   0.04192  0.008454  0.002069   0.05244        23       256    0.8011    0.6848    0.7076    0.4136   0.03454  0.004306 0.0005612
   390/399     11.9G   0.04197  0.008517  0.002133   0.05262        27       256    0.7905    0.6907    0.7084    0.4142   0.03452  0.004303 0.0005607
   391/399     11.9G   0.04216  0.008556  0.002231   0.05295        35       256    0.7935    0.6902    0.7091    0.4143   0.03449  0.004299 0.0005601
   392/399     11.9G   0.04182  0.008495  0.002227   0.05254        21       256     0.789    0.6924    0.7091    0.4145   0.03447  0.004297 0.0005595
   393/399     11.9G   0.04196  0.008469  0.002222   0.05265        44       256    0.8135    0.6825    0.7091    0.4145   0.03444  0.004294 0.0005579
   394/399     11.9G   0.04154  0.008457  0.002003     0.052        38       256    0.7919    0.6929    0.7099    0.4151   0.03443  0.004291 0.0005572
   395/399     11.9G   0.04171  0.008455  0.002179   0.05234        32       256    0.7931    0.6937    0.7109    0.4158   0.03441  0.004288 0.0005568
   396/399     11.9G   0.04248  0.008571  0.002283   0.05333        14       256    0.7939    0.6947    0.7109    0.4156   0.03439  0.004286 0.0005562
   397/399     11.9G   0.04222  0.008474  0.002147   0.05284        31       256     0.806     0.689    0.7109     0.416   0.03437  0.004283 0.0005551
   398/399     11.9G   0.04156  0.008497   0.00212   0.05218        14       256    0.8054    0.6911    0.7134    0.4162   0.03435   0.00428  0.000554
   399/399     11.9G   0.04197  0.008553  0.002073    0.0526        22       256    0.8057    0.6905    0.7133     0.417   0.03433  0.004277 0.0005533
