    0.0926   0.01199   0.01682    0.1214    0.1126         0  0.002128    0.5986    0.1888    0.1489   0.04309   0.07811  0.007429  0.005457      0.01      0.01      0.01
   0.07694   0.01193  0.009031    0.0979    0.0819         0  0.001354    0.4924    0.1808    0.1064     0.029   0.07628  0.007728   0.01047      0.01      0.01      0.01
   0.07773   0.01195  0.009768   0.09945   0.09151         0  0.001112    0.5926    0.1455      0.12   0.02874   0.07996  0.007988   0.01532  0.009999  0.009999  0.009999
    0.0924    0.0126   0.01939    0.1244    0.1045         0  0.001027    0.4792    0.1515   0.07581   0.01656   0.08501  0.008115   0.01443  0.009998  0.009998  0.009998
   0.08652   0.01249   0.01495     0.114    0.1063         0 0.0008373    0.4765     0.161   0.08207   0.02206   0.08109  0.007854   0.01013  0.009997  0.009997  0.009997
   0.08389   0.01238   0.01369      0.11    0.0995         0 0.0008525    0.5985    0.1456    0.1093    0.0324   0.08327  0.008095   0.01602  0.009996  0.009996  0.009996
   0.08129   0.01239   0.01199    0.1057   0.09325         0 0.0008828    0.5968    0.1922    0.1461   0.04609   0.07543  0.007753  0.006863  0.009994  0.009994  0.009994
   0.08143   0.01225   0.01248    0.1062   0.09059         0 0.0009616    0.6051    0.1851    0.1415   0.04422   0.07398  0.007855  0.007912  0.009992  0.009992  0.009992
   0.08022   0.01247    0.0117    0.1044   0.08731         0 0.0009043     0.657    0.1699    0.1609   0.05095    0.0745  0.007988  0.008787   0.00999   0.00999   0.00999
   0.07881   0.01214   0.01058    0.1015   0.08442         0 0.0009094    0.6328    0.1943    0.1719   0.06094   0.07209  0.007572  0.006204  0.009988  0.009988  0.009988
   0.07795    0.0121    0.0103    0.1004   0.08317         0 0.0009123    0.6337    0.2191    0.1889    0.0703   0.06983  0.007522  0.005664  0.009985  0.009985  0.009985
   0.07649   0.01208  0.009763   0.09833   0.08118         0 0.0008592    0.6407    0.2033    0.1846   0.06655   0.07032  0.007517   0.00666  0.009982  0.009982  0.009982
   0.07655    0.0121   0.00924   0.09789   0.07975         0 0.0008279    0.6841    0.2123    0.1965   0.07368   0.06952  0.007855  0.006751  0.009979  0.009979  0.009979
   0.07675   0.01213   0.01003    0.0989     0.079         0 0.0008422    0.6501    0.2208    0.1948   0.07246   0.06957  0.007632  0.006984  0.009976  0.009976  0.009976
   0.07668   0.01217  0.009535   0.09839     0.079         0  0.000841    0.6726    0.2188    0.2045   0.07699   0.06823  0.007541  0.005508  0.009972  0.009972  0.009972
   0.07611   0.01208  0.008921   0.09712     0.083         0 0.0008884    0.7071    0.2161    0.2141   0.08264   0.06714   0.00745   0.00493  0.009968  0.009968  0.009968
   0.07523   0.01207  0.008552   0.09585   0.08078         0 0.0008542    0.7153    0.2189     0.224   0.08962   0.06654  0.007448  0.004925  0.009964  0.009964  0.009964
   0.07472   0.01213  0.008772   0.09562   0.07753         0 0.0008549    0.6836    0.2292     0.224   0.08939   0.06589  0.007351  0.004766   0.00996   0.00996   0.00996
   0.07484   0.01208  0.008522   0.09544   0.07709         0 0.0008652    0.6877     0.232    0.2257   0.09433    0.0659  0.007533  0.006067  0.009956  0.009956  0.009956
   0.07438   0.01196  0.008415   0.09475   0.07646         0 0.0008421    0.6844    0.2422    0.2311   0.09461   0.06478  0.007378   0.00436  0.009951  0.009951  0.009951
   0.07417   0.01212  0.008278   0.09457   0.07534         0   0.00084    0.3624    0.2449    0.2391   0.09839    0.0643  0.007276  0.004099  0.009946  0.009946  0.009946
   0.07403   0.01204  0.008117   0.09419    0.0745         0 0.0008452    0.7009    0.2471    0.2466    0.1007   0.06425  0.007297  0.004579   0.00994   0.00994   0.00994
   0.07405   0.01199  0.008208   0.09425   0.07366         0 0.0008395    0.7015    0.2499     0.243   0.09854   0.06378   0.00733  0.004085  0.009935  0.009935  0.009935
   0.07284   0.01203  0.007804   0.09268    0.0731         0 0.0008065    0.3338    0.2715    0.2507    0.1035   0.06313  0.007276  0.003753  0.009929  0.009929  0.009929
   0.07209   0.01208  0.007487   0.09166    0.0745         0 0.0008066    0.3966    0.2464    0.2584    0.1091   0.06234   0.00723  0.003425  0.009923  0.009923  0.009923
   0.07192   0.01185  0.007253   0.09101   0.07344         0 0.0007923    0.7481    0.2406    0.2618    0.1118   0.06244  0.007216  0.003481  0.009917  0.009917  0.009917
   0.07235   0.01201  0.007798   0.09216   0.07319         0 0.0008016    0.5145    0.2433    0.2614    0.1126   0.06263  0.007187  0.004064   0.00991   0.00991   0.00991
   0.07229   0.01177  0.007431   0.09149    0.0721         0 0.0008065    0.4463    0.2503    0.2641    0.1141   0.06213  0.007197  0.003798  0.009904  0.009904  0.009904
   0.07212   0.01196  0.007275   0.09135   0.07216         0 0.0007916    0.4851    0.2603    0.2643    0.1141   0.06194  0.007192  0.003601  0.009897  0.009897  0.009897
   0.07115   0.01194  0.006894   0.08998   0.07096         0 0.0007769    0.4847    0.2699     0.269    0.1181   0.06152  0.007163  0.003468  0.009889  0.009889  0.009889
   0.07127   0.01173  0.006901    0.0899   0.07181         0 0.0007945    0.4745    0.2751    0.2699    0.1175   0.06128  0.007165  0.003318  0.009882  0.009882  0.009882
   0.07173     0.012  0.007408   0.09113   0.07186         0 0.0007907     0.492     0.264    0.2716    0.1188   0.06118   0.00715  0.003719  0.009874  0.009874  0.009874
   0.07133   0.01176  0.007457   0.09055   0.07101         0 0.0008085    0.4826    0.2697    0.2749    0.1206   0.06092   0.00714  0.003669  0.009866  0.009866  0.009866
   0.07089   0.01179  0.007096   0.08977   0.07077         0 0.0007818    0.4747    0.2676    0.2756    0.1217   0.06077  0.007132   0.00361  0.009858  0.009858  0.009858
   0.07129   0.01169  0.007333   0.09032   0.07172         0 0.0007989    0.4809    0.2669    0.2747    0.1215   0.06115  0.007139  0.004381   0.00985   0.00985   0.00985
    0.0711   0.01184   0.00695   0.08989   0.07079         0 0.0008035    0.4632    0.2771    0.2756    0.1212    0.0612  0.007144  0.004505  0.009841  0.009841  0.009841
    0.0709   0.01181   0.00692   0.08963   0.07157         0 0.0008037    0.4337    0.2883    0.2754    0.1218   0.06104  0.007136  0.004381  0.009832  0.009832  0.009832
   0.07068   0.01183  0.006668   0.08918   0.07105         0 0.0008161    0.4411    0.2878    0.2765    0.1229    0.0609  0.007123  0.004311  0.009823  0.009823  0.009823
   0.07022   0.01175  0.006768   0.08874   0.07026         0  0.000808    0.4547    0.2845    0.2771     0.123   0.06078  0.007112  0.004256  0.009814  0.009814  0.009814
   0.07044    0.0119  0.006885   0.08923   0.07187         0  0.000804    0.4481    0.2859    0.2778    0.1233   0.06064  0.007106  0.004222  0.009804  0.009804  0.009804
   0.07061   0.01174  0.007033   0.08938    0.0702         0 0.0008509    0.4772    0.2819    0.2821    0.1242   0.06053  0.007094  0.004173  0.009794  0.009794  0.009794
   0.06975   0.01186  0.006472   0.08808   0.06982         0 0.0007897    0.4753    0.2862     0.283    0.1258   0.06039  0.007084  0.004117  0.009784  0.009784  0.009784
   0.06954   0.01179  0.006545   0.08788   0.06951         0 0.0007877    0.4945    0.2772    0.2833    0.1264   0.06033   0.00708  0.004177  0.009774  0.009774  0.009774
   0.07009   0.01181  0.006657   0.08856   0.07026         0  0.000805    0.5426    0.2706    0.2846    0.1267   0.06027  0.007074  0.004238  0.009764  0.009764  0.009764
   0.06997   0.01188  0.006539   0.08839   0.06955         0  0.000827    0.5409    0.2731    0.2859    0.1274   0.06018  0.007067  0.004237  0.009753  0.009753  0.009753
   0.06972   0.01175  0.006635    0.0881   0.06898         0 0.0007985    0.5381    0.2747    0.2875    0.1276   0.06013  0.007063  0.004234  0.009742  0.009742  0.009742
   0.06977   0.01185  0.006199   0.08781   0.06832         0  0.000798    0.5099    0.2855    0.2883    0.1279   0.06008  0.007057    0.0042  0.009731  0.009731  0.009731
   0.06914   0.01175  0.006413    0.0873   0.06854         0 0.0008135    0.5174    0.2837     0.289    0.1288   0.06001  0.007051  0.004161  0.009719  0.009719  0.009719
    0.0685   0.01166  0.005775   0.08594   0.06783         0 0.0008092    0.5381    0.2816    0.2905    0.1299   0.05995  0.007043  0.004129  0.009707  0.009707  0.009707
   0.06958   0.01179  0.006097   0.08747   0.06798         0 0.0007936    0.5245    0.2857    0.2909    0.1303   0.05988  0.007033  0.004103  0.009696  0.009696  0.009696
   0.06858   0.01166  0.006182   0.08642   0.06777         0   0.00077    0.5296    0.2853    0.2917    0.1306   0.05981  0.007026  0.004084  0.009683  0.009683  0.009683
   0.06862   0.01187  0.006122   0.08661   0.06795         0 0.0008181    0.5338    0.2846    0.2922    0.1308   0.05973  0.007022  0.004065  0.009671  0.009671  0.009671
   0.06836   0.01155  0.005787   0.08569   0.06743         0 0.0007874    0.5369    0.2848    0.2929    0.1311   0.05967  0.007019  0.004057  0.009658  0.009658  0.009658
   0.06816   0.01176  0.005874   0.08579   0.06731         0 0.0007807    0.5372    0.2845     0.293     0.132   0.05961  0.007013  0.004041  0.009646  0.009646  0.009646
   0.06926    0.0118  0.006317   0.08738   0.06754         0 0.0008093    0.5609    0.2819    0.2942    0.1322   0.05956   0.00701  0.004027  0.009633  0.009633  0.009633
    0.0684   0.01174  0.005804   0.08594   0.06781         0 0.0007911    0.5585     0.284    0.2943    0.1323    0.0595  0.007006  0.003989  0.009619  0.009619  0.009619
   0.06878    0.0117  0.006008   0.08649   0.06822         0 0.0007585    0.5625    0.2856    0.2943    0.1328   0.05943  0.007003  0.003974  0.009606  0.009606  0.009606
   0.06774   0.01186  0.005858   0.08546   0.06707         0 0.0007764    0.5649    0.2863    0.2958    0.1329   0.05934     0.007  0.003937  0.009592  0.009592  0.009592
   0.06775   0.01165  0.005581   0.08498   0.06698         0 0.0008011    0.5647    0.2878    0.2972     0.134   0.05927  0.006994  0.003904  0.009578  0.009578  0.009578
   0.06794    0.0118  0.005613   0.08535   0.06756         0 0.0007873    0.5652    0.2888    0.2987    0.1351   0.05917  0.006989  0.003866  0.009564  0.009564  0.009564
   0.06753    0.0116  0.005559   0.08469   0.06629         0 0.0007873    0.5883    0.2879    0.2992    0.1357   0.05908  0.006986  0.003827   0.00955   0.00955   0.00955
   0.06817   0.01172  0.005616    0.0855   0.06657         0 0.0007966    0.5798    0.2898    0.2998    0.1361   0.05898  0.006982  0.003784  0.009535  0.009535  0.009535
   0.06801   0.01186  0.005603   0.08547   0.06714         0 0.0007988     0.588    0.2867    0.3001    0.1363   0.05889  0.006977   0.00373   0.00952   0.00952   0.00952
   0.06789   0.01159  0.005605   0.08508   0.06661         0 0.0008023    0.5705    0.2899    0.3019    0.1377    0.0588  0.006973  0.003694  0.009505  0.009505  0.009505
   0.06765   0.01158  0.005826   0.08505    0.0668         0 0.0007975    0.5679    0.2896    0.3029    0.1381   0.05871  0.006968  0.003665   0.00949   0.00949   0.00949
   0.06705   0.01161  0.005663   0.08433   0.06668         0 0.0007686    0.5606    0.2954    0.3035    0.1383   0.05863  0.006965  0.003623  0.009475  0.009475  0.009475
   0.06707   0.01167  0.005584   0.08433    0.0665         0 0.0007857    0.5799    0.2949    0.3042    0.1392   0.05855  0.006961  0.003581  0.009459  0.009459  0.009459
   0.06703   0.01163  0.005554   0.08421   0.06586         0 0.0007999    0.5633    0.2938    0.3052    0.1394   0.05848  0.006958  0.003552  0.009443  0.009443  0.009443
   0.06748   0.01162  0.005677   0.08477   0.06625         0 0.0007861    0.5512    0.3055    0.3056    0.1396   0.05839  0.006954  0.003508  0.009427  0.009427  0.009427
   0.06684   0.01173  0.005377   0.08394   0.06603         0 0.0007901    0.5759    0.3049     0.307    0.1398   0.05831   0.00695  0.003479  0.009411  0.009411  0.009411
   0.06673   0.01156  0.005218   0.08351   0.06651         0 0.0007878    0.5739     0.303    0.3074    0.1398   0.05822  0.006947  0.003462  0.009394  0.009394  0.009394
   0.06674   0.01156  0.005432   0.08373   0.06638         0 0.0007865    0.5852    0.3038    0.3086    0.1406   0.05812  0.006943  0.003424  0.009377  0.009377  0.009377
   0.06638   0.01151  0.005389   0.08328   0.06584         0 0.0007599    0.5815    0.3056    0.3094     0.141   0.05801  0.006941  0.003383   0.00936   0.00936   0.00936
   0.06629   0.01157   0.00478   0.08264   0.06536         0 0.0007683    0.6059    0.3048    0.3108    0.1422    0.0579  0.006938  0.003355  0.009343  0.009343  0.009343
    0.0671   0.01165  0.005603   0.08435   0.06678         0 0.0007647     0.587    0.3072    0.3117    0.1428    0.0578  0.006934  0.003314  0.009326  0.009326  0.009326
   0.06655    0.0116  0.005234   0.08338   0.06518         0   0.00078    0.5949     0.308    0.3126    0.1438    0.0577  0.006932   0.00327  0.009308  0.009308  0.009308
   0.06733   0.01174   0.00589   0.08496   0.06624         0 0.0007949    0.5423     0.302    0.3146    0.1448   0.05762  0.006929  0.003223  0.009291  0.009291  0.009291
   0.06666   0.01159  0.005675   0.08393   0.06607         0 0.0008035    0.5463     0.305    0.3157    0.1467   0.05754  0.006927  0.003179  0.009273  0.009273  0.009273
   0.06635    0.0116   0.00524    0.0832   0.06631         0 0.0007891    0.5545    0.3062    0.3165    0.1478   0.05744  0.006923  0.003138  0.009254  0.009254  0.009254
   0.06581   0.01154   0.00495    0.0823   0.06443         0 0.0007893    0.5605    0.3032    0.3178    0.1487   0.05736  0.006918  0.003109  0.009236  0.009236  0.009236
   0.06657   0.01149  0.005359   0.08341   0.06523         0 0.0007796    0.5401    0.3023    0.3183    0.1493   0.05727  0.006915  0.003077  0.009218  0.009218  0.009218
   0.06602   0.01146  0.005031   0.08251   0.06429         0 0.0007529    0.5304     0.306     0.319    0.1504   0.05717  0.006913  0.003037  0.009199  0.009199  0.009199
   0.06646   0.01159  0.005346    0.0834   0.06475         0 0.0008018    0.5391    0.3062    0.3197    0.1513   0.05706  0.006908  0.002999   0.00918   0.00918   0.00918
   0.06632   0.01168  0.005275   0.08327   0.06486         0 0.0007949    0.5426    0.3063    0.3199    0.1514   0.05699  0.006902  0.002987  0.009161  0.009161  0.009161
   0.06607   0.01142  0.005068   0.08256   0.06443         0 0.0007602    0.5475    0.3069    0.3211    0.1519   0.05691  0.006898  0.002978  0.009141  0.009141  0.009141
   0.06582   0.01149  0.005247   0.08255   0.06536         0 0.0007793    0.5479    0.3061    0.3228    0.1527   0.05682  0.006892  0.002957  0.009122  0.009122  0.009122
   0.06578   0.01157  0.004999   0.08235   0.06622         0 0.0008038    0.5498    0.3007    0.3235    0.1537   0.05672  0.006885  0.002941  0.009102  0.009102  0.009102
   0.06588   0.01162  0.005146   0.08265   0.06548         0 0.0007901    0.5339    0.3095    0.3249    0.1546   0.05662   0.00688  0.002913  0.009082  0.009082  0.009082
   0.06581   0.01156  0.005033    0.0824   0.06465         0 0.0007495    0.5158    0.3101     0.326    0.1549   0.05655  0.006873  0.002886  0.009062  0.009062  0.009062
   0.06512   0.01154  0.004989   0.08164    0.0642         0 0.0007493    0.5089    0.3112    0.3277     0.156   0.05646  0.006867  0.002849  0.009042  0.009042  0.009042
   0.06605   0.01158   0.00521   0.08284   0.06435         0  0.000764    0.5358    0.3064    0.3292    0.1571   0.05636   0.00686   0.00284  0.009021  0.009021  0.009021
   0.06528   0.01156  0.004907   0.08174   0.06412         0 0.0007487     0.553    0.3044    0.3306    0.1571   0.05626  0.006855  0.002825     0.009     0.009     0.009
   0.06517   0.01144  0.004996   0.08161   0.06507         0 0.0007632    0.5434    0.3114    0.3321    0.1584   0.05616  0.006846  0.002794   0.00898   0.00898   0.00898
   0.06602   0.01154   0.00516   0.08273   0.06792         0 0.0008058    0.5613    0.3117    0.3341    0.1596   0.05605  0.006839  0.002764  0.008959  0.008959  0.008959
   0.06619   0.01129  0.005326   0.08281   0.06683         0 0.0007983    0.5761    0.3149    0.3363    0.1603   0.05595  0.006833  0.002718  0.008937  0.008937  0.008937
   0.06587   0.01167  0.004947   0.08248   0.06752         0 0.0008084    0.5603    0.3148    0.3378    0.1608   0.05585  0.006825  0.002674  0.008916  0.008916  0.008916
   0.06503   0.01138  0.004675   0.08108   0.06449         0 0.0007599    0.5224    0.3213    0.3389    0.1616   0.05575  0.006817   0.00265  0.008894  0.008894  0.008894
    0.0652   0.01127  0.004922    0.0814   0.06457         0 0.0007619    0.5629    0.3208    0.3403    0.1625   0.05564  0.006809  0.002627  0.008873  0.008873  0.008873
   0.06509    0.0114   0.00463   0.08112   0.06379         0 0.0007625     0.548    0.3285    0.3419    0.1633   0.05553  0.006804  0.002598  0.008851  0.008851  0.008851
    0.0654   0.01147  0.004956   0.08182   0.06415         0 0.0007476     0.561     0.327     0.344    0.1644   0.05543  0.006795  0.002567  0.008828  0.008828  0.008828
   0.06597   0.01154  0.005619   0.08313   0.06419         0  0.000753    0.5423    0.3286    0.3455    0.1653   0.05534  0.006786  0.002532  0.008806  0.008806  0.008806
   0.06495    0.0114  0.004983   0.08134   0.06361         0 0.0007727     0.549    0.3268    0.3463    0.1655   0.05525  0.006779  0.002506  0.008784  0.008784  0.008784
   0.06497   0.01141  0.004951   0.08133   0.06587         0 0.0007974    0.5522     0.326    0.3476     0.166   0.05519  0.006773  0.002481  0.008761  0.008761  0.008761
   0.06507   0.01142  0.004855   0.08134    0.0647         0 0.0007692    0.5497    0.3268    0.3491    0.1667    0.0551  0.006766  0.002452  0.008738  0.008738  0.008738
   0.06416   0.01145  0.004789   0.08041   0.06382         0 0.0007347    0.5223    0.3346    0.3503    0.1673     0.055  0.006758  0.002418  0.008715  0.008715  0.008715
   0.06507   0.01149  0.005074   0.08163   0.06415         0 0.0007574    0.5241    0.3344    0.3522    0.1684    0.0549   0.00675   0.00237  0.008692  0.008692  0.008692
    0.0656   0.01148  0.005171   0.08225     0.065         0 0.0007705    0.5347    0.3314    0.3534    0.1691   0.05478  0.006743  0.002328  0.008669  0.008669  0.008669
   0.06429    0.0113  0.004895   0.08049   0.06358         0 0.0007493    0.5381    0.3327    0.3544    0.1696   0.05466  0.006737  0.002277  0.008645  0.008645  0.008645
   0.06451   0.01154  0.004803   0.08085   0.06422         0 0.0007201    0.5369    0.3346    0.3558    0.1707   0.05454  0.006727   0.00223  0.008622  0.008622  0.008622
   0.06419   0.01129  0.004532   0.08001    0.0632         0 0.0007546    0.5474    0.3349    0.3578    0.1713   0.05441  0.006717  0.002182  0.008598  0.008598  0.008598
   0.06467   0.01137  0.004897   0.08093   0.06313         0 0.0007641    0.5296    0.3475    0.3603    0.1724    0.0543  0.006709  0.002151  0.008574  0.008574  0.008574
   0.06376   0.01143  0.004831   0.08002   0.06322         0 0.0007357    0.5355    0.3434    0.3619    0.1734   0.05419  0.006701  0.002106   0.00855   0.00855   0.00855
   0.06425   0.01123  0.004446   0.07992   0.06244         0 0.0007409    0.5456    0.3564    0.3649    0.1745   0.05407  0.006693  0.002075  0.008525  0.008525  0.008525
   0.06442   0.01145  0.004984   0.08085   0.06329         0 0.0007547    0.5527    0.3555    0.3659    0.1755   0.05394  0.006683  0.002037  0.008501  0.008501  0.008501
   0.06444   0.01133  0.004736   0.08051   0.06392         0 0.0007699    0.5502    0.3546    0.3677    0.1762   0.05381  0.006673  0.002001  0.008476  0.008476  0.008476
   0.06412   0.01139  0.004799    0.0803   0.06793         0 0.0007975    0.5248     0.369    0.3693    0.1768   0.05371  0.006663  0.001973  0.008452  0.008452  0.008452
   0.06396   0.01126  0.004757   0.07997   0.06677         0 0.0008021     0.536    0.3662    0.3714    0.1777   0.05359  0.006653  0.001945  0.008427  0.008427  0.008427
   0.06342    0.0113  0.004579    0.0793   0.06433         0  0.000771    0.5426    0.3667    0.3731    0.1787   0.05347  0.006645  0.001913  0.008402  0.008402  0.008402
   0.06298   0.01132  0.004641   0.07894    0.0636         0 0.0007727    0.5381    0.3725    0.3751    0.1797   0.05334  0.006635  0.001876  0.008376  0.008376  0.008376
    0.0639    0.0114  0.004619   0.07991   0.06362         0 0.0007596    0.5458    0.3739    0.3768    0.1804   0.05322  0.006623  0.001853  0.008351  0.008351  0.008351
   0.06427   0.01119  0.005011   0.08047   0.06321         0 0.0007551    0.5494    0.3747    0.3786    0.1821   0.05311  0.006613  0.001831  0.008326  0.008326  0.008326
   0.06462    0.0115  0.005017   0.08113   0.06431         0 0.0007512    0.5521    0.3742    0.3799    0.1826   0.05302  0.006604  0.001803    0.0083    0.0083    0.0083
   0.06423   0.01124   0.00505   0.08052   0.06467         0 0.0007729    0.5471    0.3781    0.3816    0.1831   0.05293  0.006596  0.001779  0.008274  0.008274  0.008274
   0.06413   0.01135  0.004335   0.07981   0.06263         0 0.0007417    0.5262     0.388    0.3825    0.1843   0.05285   0.00659  0.001778  0.008248  0.008248  0.008248
    0.0638   0.01136  0.004763   0.07992   0.06387         0 0.0007666    0.5389    0.3838    0.3844    0.1845   0.05278  0.006581  0.001771  0.008222  0.008222  0.008222
   0.06289   0.01123  0.004643   0.07876   0.06344         0 0.0007612    0.5616     0.375     0.386    0.1854    0.0527  0.006573   0.00175  0.008196  0.008196  0.008196
   0.06355   0.01137  0.004652   0.07956   0.06274         0 0.0007577    0.5714    0.3746    0.3868    0.1866   0.05262  0.006566  0.001731   0.00817   0.00817   0.00817
   0.06377   0.01133  0.004698    0.0798   0.06326         0 0.0007514    0.5193    0.3969    0.3883    0.1867   0.05254  0.006557  0.001713  0.008143  0.008143  0.008143
   0.06318   0.01124   0.00444   0.07885   0.06292         0 0.0007605    0.5323    0.3955    0.3901    0.1872   0.05245   0.00655  0.001681  0.008117  0.008117  0.008117
   0.06373   0.01141  0.004668    0.0798    0.0628         0 0.0007401    0.5476     0.392    0.3915    0.1879   0.05236  0.006543  0.001663   0.00809   0.00809   0.00809
    0.0634   0.01136  0.004772   0.07954   0.06259         0 0.0007602    0.5434    0.3933    0.3929    0.1885   0.05228  0.006538  0.001649  0.008063  0.008063  0.008063
   0.06389   0.01144  0.004699   0.08003   0.06246         0 0.0007663    0.5329    0.4005     0.394    0.1893   0.05222  0.006534   0.00164  0.008036  0.008036  0.008036
   0.06298   0.01116  0.004427   0.07857   0.06152         0 0.0007543    0.5354     0.401    0.3944    0.1895   0.05215  0.006529  0.001629  0.008009  0.008009  0.008009
    0.0632   0.01133  0.004384   0.07891   0.06256         0 0.0007516    0.5356    0.4018    0.3954    0.1901   0.05206  0.006525  0.001614  0.007982  0.007982  0.007982
   0.06258   0.01122  0.004381   0.07818   0.06246         0 0.0007658    0.5394    0.4042    0.3976    0.1913   0.05196  0.006519  0.001599  0.007954  0.007954  0.007954
    0.0635    0.0114  0.004919   0.07982   0.06231         0 0.0007537    0.5467     0.405    0.3985    0.1912    0.0519  0.006513  0.001598  0.007927  0.007927  0.007927
   0.06324   0.01135  0.004621   0.07921   0.06245         0 0.0007474    0.5677    0.3978    0.3998    0.1908   0.05183  0.006507  0.001583  0.007899  0.007899  0.007899
   0.06323   0.01125   0.00452     0.079   0.06148         0 0.0007522    0.5752    0.3963    0.4003    0.1909   0.05175  0.006501  0.001568  0.007872  0.007872  0.007872
   0.06287   0.01126  0.004553   0.07868   0.06139         0 0.0007313     0.574    0.3973    0.4015    0.1919   0.05168  0.006493  0.001556  0.007844  0.007844  0.007844
   0.06261   0.01115  0.004288   0.07806    0.0622         0 0.0007507    0.5802    0.3975    0.4037     0.193   0.05162  0.006486  0.001541  0.007816  0.007816  0.007816
   0.06257   0.01108  0.004464   0.07811   0.06292         0 0.0007873    0.5818    0.3985    0.4049    0.1938   0.05155  0.006477  0.001522  0.007788  0.007788  0.007788
   0.06336   0.01128  0.004746   0.07939   0.06269         0 0.0007666    0.6015    0.3945    0.4081    0.1947   0.05147  0.006469  0.001507   0.00776   0.00776   0.00776
   0.06274   0.01112  0.004021   0.07788   0.06209         0 0.0007504    0.6006    0.3974      0.41    0.1954   0.05139  0.006461  0.001489  0.007731  0.007731  0.007731
     0.063   0.01127   0.00457   0.07884   0.06177         0 0.0007248    0.5996    0.3995    0.4117    0.1959   0.05129  0.006456  0.001465  0.007703  0.007703  0.007703
   0.06283   0.01132  0.004421   0.07857   0.06181         0 0.0007283     0.598    0.4004    0.4134    0.1961   0.05122  0.006451  0.001455  0.007675  0.007675  0.007675
