epoch,time,train/box_loss,train/cls_loss,train/dfl_loss,metrics/precision(B),metrics/recall(B),metrics/mAP50(B),metrics/mAP50-95(B),val/box_loss,val/cls_loss,val/dfl_loss,lr/pg0,lr/pg1,lr/pg2,lr/pg3,lr/pg4,lr/pg5,lr/pg6,lr/pg7
1,235.983,2.75306,2.84318,1.58434,0.52913,0.23017,0.14593,0.05413,2.72139,2.58418,1.31899,0.00995652,0.00331884,0.00995652,0.00331884,0.00995652,0.00331884,0.00995652,0.00331884
2,463.462,2.70991,2.16045,1.37191,0.46658,0.10729,0.07334,0.02878,2.95829,5.94384,1.64698,0.0199564,0.00665215,0.0199564,0.00665215,0.0199564,0.00665215,0.0199564,0.00665215
3,682.082,2.88305,2.31457,1.49358,0.08803,0.21967,0.05464,0.01817,3.07042,4.81942,1.65425,0.0299561,0.00998535,0.0299561,0.00998535,0.0299561,0.00998535,0.0299561,0.00998535
4,899.673,2.91571,2.33332,1.52565,0.28701,0.18549,0.1364,0.04608,2.8653,2.52296,1.49214,0.029999,0.00999966,0.029999,0.00999966,0.029999,0.00999966,0.029999,0.00999966
5,1122.31,2.78864,2.16589,1.47325,0.33487,0.20216,0.17035,0.06525,2.79311,2.11684,1.45348,0.0299982,0.00999939,0.0299982,0.00999939,0.0299982,0.00999939,0.0299982,0.00999939
6,1359.94,2.70881,2.04722,1.42154,0.40665,0.2166,0.19474,0.06777,2.68028,2.06686,1.37404,0.0299971,0.00999905,0.0299971,0.00999905,0.0299971,0.00999905,0.0299971,0.00999905
7,1582.31,2.64371,1.95622,1.39792,0.33119,0.29291,0.24615,0.09566,2.55611,1.86929,1.33177,0.0299959,0.00999863,0.0299959,0.00999863,0.0299959,0.00999863,0.0299959,0.00999863
8,1802.44,2.5844,1.90023,1.37487,0.36877,0.28047,0.251,0.0962,2.51387,2.94782,1.30099,0.0299944,0.00999813,0.0299944,0.00999813,0.0299944,0.00999813,0.0299944,0.00999813
9,2009.78,2.55683,1.86085,1.35548,0.46974,0.27669,0.27248,0.11175,2.5005,1.73071,1.29456,0.0299927,0.00999756,0.0299927,0.00999756,0.0299927,0.00999756,0.0299927,0.00999756
10,2237.82,2.51427,1.80558,1.33634,0.55029,0.28433,0.30893,0.13618,2.42118,1.66938,1.24914,0.0299907,0.00999691,0.0299907,0.00999691,0.0299907,0.00999691,0.0299907,0.00999691
11,2461.6,2.49008,1.76535,1.3135,0.5289,0.31141,0.32055,0.13398,2.44066,1.64219,1.24356,0.0299886,0.00999618,0.0299886,0.00999618,0.0299886,0.00999618,0.0299886,0.00999618
12,2683.11,2.4638,1.72402,1.29988,0.38175,0.32306,0.30802,0.13074,2.40595,1.63659,1.25143,0.0299861,0.00999538,0.0299861,0.00999538,0.0299861,0.00999538,0.0299861,0.00999538
13,2893.61,2.43742,1.70094,1.29308,0.4678,0.35832,0.35037,0.15307,2.36291,1.56726,1.23166,0.0299835,0.0099945,0.0299835,0.0099945,0.0299835,0.0099945,0.0299835,0.0099945
14,3102.98,2.41483,1.65869,1.27314,0.44859,0.36998,0.35374,0.15618,2.34445,1.53035,1.2151,0.0299807,0.00999355,0.0299807,0.00999355,0.0299807,0.00999355,0.0299807,0.00999355
15,3329.22,2.38743,1.63672,1.26482,0.43734,0.3694,0.34711,0.15346,2.39683,1.54221,1.21749,0.0299776,0.00999252,0.0299776,0.00999252,0.0299776,0.00999252,0.0299776,0.00999252
16,3557.03,2.36943,1.60907,1.25638,0.48066,0.38535,0.384,0.16944,2.3162,1.48617,1.19073,0.0299742,0.00999141,0.0299742,0.00999141,0.0299742,0.00999141,0.0299742,0.00999141
17,3777.62,2.34285,1.5883,1.24285,0.48399,0.38698,0.38612,0.17135,2.2952,1.46074,1.18552,0.0299707,0.00999023,0.0299707,0.00999023,0.0299707,0.00999023,0.0299707,0.00999023
18,3984.59,2.33627,1.56276,1.23979,0.48317,0.37742,0.37885,0.17894,2.25951,1.45993,1.17575,0.0299669,0.00998897,0.0299669,0.00998897,0.0299669,0.00998897,0.0299669,0.00998897
19,4193.58,2.31679,1.53695,1.22731,0.48693,0.41409,0.40368,0.18823,2.26047,1.42986,1.17945,0.0299629,0.00998764,0.0299629,0.00998764,0.0299629,0.00998764,0.0299629,0.00998764
20,4415.56,2.29248,1.50703,1.22006,0.4886,0.41312,0.4048,0.19044,2.21177,1.40668,1.16041,0.0299587,0.00998623,0.0299587,0.00998623,0.0299587,0.00998623,0.0299587,0.00998623
21,4641.53,2.28067,1.50249,1.21646,0.48587,0.43735,0.42541,0.20355,2.20151,1.42655,1.14316,0.0299542,0.00998474,0.0299542,0.00998474,0.0299542,0.00998474,0.0299542,0.00998474
22,4854.24,2.25873,1.47703,1.20628,0.48698,0.43366,0.42564,0.20293,2.18781,1.35109,1.15741,0.0299495,0.00998318,0.0299495,0.00998318,0.0299495,0.00998318,0.0299495,0.00998318
23,5056.72,2.24455,1.45623,1.19899,0.49468,0.44864,0.43618,0.21408,2.16215,1.33338,1.13515,0.0299446,0.00998154,0.0299446,0.00998154,0.0299446,0.00998154,0.0299446,0.00998154
24,5274.05,2.22057,1.43024,1.19298,0.51862,0.43973,0.43813,0.21363,2.166,1.33896,1.14173,0.0299395,0.00997982,0.0299395,0.00997982,0.0299395,0.00997982,0.0299395,0.00997982
25,5497.24,2.22216,1.41472,1.18341,0.54257,0.46316,0.46805,0.22523,2.15735,1.31056,1.131,0.0299341,0.00997803,0.0299341,0.00997803,0.0299341,0.00997803,0.0299341,0.00997803
26,5719.82,2.19216,1.40173,1.17622,0.55509,0.48384,0.4815,0.23733,2.10316,1.27841,1.12188,0.0299285,0.00997616,0.0299285,0.00997616,0.0299285,0.00997616,0.0299285,0.00997616
27,5924.76,2.17734,1.37661,1.16764,0.55787,0.48589,0.49026,0.24423,2.09708,1.24993,1.11805,0.0299227,0.00997422,0.0299227,0.00997422,0.0299227,0.00997422,0.0299227,0.00997422
28,6130.45,2.15874,1.35284,1.16372,0.54234,0.49178,0.49007,0.24498,2.09954,1.2342,1.10776,0.0299166,0.0099722,0.0299166,0.0099722,0.0299166,0.0099722,0.0299166,0.0099722
29,6349.93,2.151,1.33891,1.15524,0.55819,0.48783,0.49826,0.25594,2.06372,1.21266,1.0962,0.0299103,0.00997011,0.0299103,0.00997011,0.0299103,0.00997011,0.0299103,0.00997011
30,6573.15,2.14244,1.331,1.15439,0.54997,0.49158,0.50564,0.25506,2.05807,1.21257,1.10297,0.0299038,0.00996794,0.0299038,0.00996794,0.0299038,0.00996794,0.0299038,0.00996794
31,6793.21,2.13418,1.31859,1.14636,0.5576,0.50757,0.51366,0.26617,2.02638,1.18842,1.09563,0.0298971,0.00996569,0.0298971,0.00996569,0.0298971,0.00996569,0.0298971,0.00996569
32,6994.26,2.1074,1.29577,1.1443,0.55971,0.50534,0.51816,0.26626,2.0032,1.15241,1.0845,0.0298901,0.00996337,0.0298901,0.00996337,0.0298901,0.00996337,0.0298901,0.00996337
33,7205.26,2.09025,1.28914,1.13839,0.5864,0.51464,0.52614,0.2771,1.98415,1.14503,1.07763,0.0298829,0.00996097,0.0298829,0.00996097,0.0298829,0.00996097,0.0298829,0.00996097
34,7425.89,2.08678,1.27896,1.13307,0.58487,0.52798,0.537,0.28395,1.95454,1.12713,1.07008,0.0298755,0.00995849,0.0298755,0.00995849,0.0298755,0.00995849,0.0298755,0.00995849
35,7647.82,2.07457,1.25271,1.12437,0.57973,0.52541,0.53799,0.28333,1.96156,1.11645,1.06625,0.0298678,0.00995594,0.0298678,0.00995594,0.0298678,0.00995594,0.0298678,0.00995594
36,7860.5,2.05757,1.24513,1.12277,0.57542,0.53718,0.54765,0.28827,1.93922,1.10452,1.06213,0.02986,0.00995332,0.02986,0.00995332,0.02986,0.00995332,0.02986,0.00995332
37,8063.62,2.04844,1.22757,1.11636,0.57005,0.53877,0.54002,0.29069,1.92749,1.09809,1.056,0.0298519,0.00995062,0.0298519,0.00995062,0.0298519,0.00995062,0.0298519,0.00995062
38,8277.74,2.03609,1.22144,1.11789,0.604,0.54701,0.55793,0.30107,1.90943,1.08386,1.05246,0.0298435,0.00994784,0.0298435,0.00994784,0.0298435,0.00994784,0.0298435,0.00994784
39,8498.93,2.02147,1.20622,1.10516,0.60056,0.54544,0.55802,0.30058,1.90158,1.06266,1.05269,0.029835,0.00994499,0.029835,0.00994499,0.029835,0.00994499,0.029835,0.00994499
40,8717.91,2.01712,1.19908,1.1028,0.59799,0.55002,0.56077,0.30622,1.86434,1.05696,1.03933,0.0298262,0.00994206,0.0298262,0.00994206,0.0298262,0.00994206,0.0298262,0.00994206
41,8925.23,2.00379,1.19189,1.09884,0.6079,0.54504,0.56547,0.31085,1.87166,1.04594,1.03832,0.0298172,0.00993906,0.0298172,0.00993906,0.0298172,0.00993906,0.0298172,0.00993906
42,9127.17,1.99441,1.17746,1.09053,0.62437,0.55591,0.57655,0.31453,1.8473,1.02985,1.02681,0.0298079,0.00993598,0.0298079,0.00993598,0.0298079,0.00993598,0.0298079,0.00993598
43,9342.81,1.98399,1.15956,1.08558,0.62565,0.57351,0.58597,0.32333,1.82057,1.01338,1.02229,0.0297985,0.00993282,0.0297985,0.00993282,0.0297985,0.00993282,0.0297985,0.00993282
44,9564.24,1.96893,1.15624,1.0838,0.62478,0.56052,0.58065,0.32399,1.81779,1.00408,1.02108,0.0297888,0.0099296,0.0297888,0.0099296,0.0297888,0.0099296,0.0297888,0.0099296
45,9779.43,1.97765,1.15887,1.08882,0.6309,0.57453,0.58784,0.32736,1.80462,0.99522,1.01901,0.0297789,0.00992629,0.0297789,0.00992629,0.0297789,0.00992629,0.0297789,0.00992629
46,9985.69,1.96444,1.14474,1.07971,0.63074,0.57523,0.59134,0.33507,1.78712,0.99071,1.01126,0.0297687,0.00992291,0.0297687,0.00992291,0.0297687,0.00992291,0.0297687,0.00992291
47,10192.5,1.94206,1.12328,1.07332,0.65239,0.58059,0.60017,0.34074,1.77813,0.97518,1.00854,0.0297584,0.00991946,0.0297584,0.00991946,0.0297584,0.00991946,0.0297584,0.00991946
48,10410.9,1.9417,1.12649,1.07184,0.65892,0.58376,0.60622,0.34028,1.77149,0.96741,1.00445,0.0297478,0.00991593,0.0297478,0.00991593,0.0297478,0.00991593,0.0297478,0.00991593
49,10636.4,1.9408,1.11591,1.07378,0.64799,0.59054,0.60885,0.34541,1.75565,0.95645,1.00153,0.029737,0.00991232,0.029737,0.00991232,0.029737,0.00991232,0.029737,0.00991232
50,10851.2,1.91691,1.10941,1.06867,0.64702,0.58497,0.60779,0.34716,1.74527,0.94883,0.99927,0.0297259,0.00990864,0.0297259,0.00990864,0.0297259,0.00990864,0.0297259,0.00990864
51,11056.8,1.9024,1.09672,1.05865,0.65106,0.59148,0.61616,0.35308,1.731,0.94218,0.99395,0.0297147,0.00990489,0.0297147,0.00990489,0.0297147,0.00990489,0.0297147,0.00990489
52,11264.6,1.90033,1.08486,1.05326,0.66331,0.59209,0.61919,0.35723,1.72136,0.93331,0.99147,0.0297032,0.00990106,0.0297032,0.00990106,0.0297032,0.00990106,0.0297032,0.00990106
53,11483.2,1.89433,1.07777,1.05636,0.66447,0.60029,0.62496,0.36068,1.70775,0.92654,0.98942,0.0296915,0.00989715,0.0296915,0.00989715,0.0296915,0.00989715,0.0296915,0.00989715
54,11705.3,1.88002,1.07212,1.04639,0.66128,0.60091,0.62464,0.36193,1.69993,0.91901,0.98577,0.0296795,0.00989317,0.0296795,0.00989317,0.0296795,0.00989317,0.0296795,0.00989317
55,11915.7,1.87593,1.06992,1.04639,0.66185,0.60473,0.62923,0.36664,1.68944,0.90954,0.98208,0.0296674,0.00988912,0.0296674,0.00988912,0.0296674,0.00988912,0.0296674,0.00988912
56,12117.3,1.87486,1.06798,1.0479,0.66807,0.60779,0.63355,0.36831,1.67849,0.90237,0.97924,0.029655,0.00988499,0.029655,0.00988499,0.029655,0.00988499,0.029655,0.00988499
57,12323.8,1.87415,1.05489,1.04677,0.66891,0.61168,0.63498,0.3698,1.66783,0.89554,0.97699,0.0296424,0.00988079,0.0296424,0.00988079,0.0296424,0.00988079,0.0296424,0.00988079
58,12541.1,1.85693,1.05013,1.04149,0.68311,0.61137,0.63596,0.37159,1.65765,0.8865,0.97406,0.0296295,0.00987651,0.0296295,0.00987651,0.0296295,0.00987651,0.0296295,0.00987651
59,12759,1.84452,1.03959,1.03179,0.68891,0.60853,0.6402,0.37432,1.64804,0.87999,0.97101,0.0296165,0.00987216,0.0296165,0.00987216,0.0296165,0.00987216,0.0296165,0.00987216
60,12964.3,1.83375,1.03106,1.03177,0.67909,0.61389,0.64125,0.37514,1.64047,0.87584,0.96849,0.0296032,0.00986773,0.0296032,0.00986773,0.0296032,0.00986773,0.0296032,0.00986773
61,13165.4,1.83753,1.02901,1.03144,0.6844,0.61427,0.64327,0.37858,1.63302,0.87132,0.96598,0.0295897,0.00986323,0.0295897,0.00986323,0.0295897,0.00986323,0.0295897,0.00986323
62,13379.2,1.82347,1.02164,1.03178,0.67957,0.61663,0.64425,0.3804,1.62743,0.86802,0.9651,0.029576,0.00985866,0.029576,0.00985866,0.029576,0.00985866,0.029576,0.00985866
63,13598.6,1.81808,1.01578,1.02454,0.68064,0.62054,0.64501,0.38183,1.61822,0.8621,0.96353,0.029562,0.00985401,0.029562,0.00985401,0.029562,0.00985401,0.029562,0.00985401
64,13811.6,1.81804,1.01658,1.02324,0.67913,0.62361,0.64755,0.3832,1.6118,0.85818,0.96086,0.0295479,0.00984928,0.0295479,0.00984928,0.0295479,0.00984928,0.0295479,0.00984928
65,14013.4,1.79715,0.99702,1.01753,0.68057,0.62821,0.64959,0.38413,1.60612,0.85469,0.95955,0.0295335,0.00984449,0.0295335,0.00984449,0.0295335,0.00984449,0.0295335,0.00984449
66,14215.6,1.80926,1.00496,1.01465,0.68359,0.63222,0.65149,0.38616,1.60347,0.85113,0.95847,0.0295188,0.00983962,0.0295188,0.00983962,0.0295188,0.00983962,0.0295188,0.00983962
67,14427.7,1.79505,0.99786,1.01632,0.68442,0.6321,0.65246,0.38873,1.59877,0.84641,0.95719,0.029504,0.00983467,0.029504,0.00983467,0.029504,0.00983467,0.029504,0.00983467
68,14647.6,1.79307,0.99554,1.01452,0.69084,0.63425,0.65425,0.39037,1.59406,0.84338,0.95602,0.029489,0.00982965,0.029489,0.00982965,0.029489,0.00982965,0.029489,0.00982965
69,14850.8,1.78484,0.99146,1.01101,0.69193,0.63503,0.6553,0.3918,1.58779,0.8397,0.95449,0.0294737,0.00982456,0.0294737,0.00982456,0.0294737,0.00982456,0.0294737,0.00982456
70,15050.4,1.78036,0.98733,1.0174,0.69532,0.63501,0.65731,0.39303,1.5833,0.83729,0.9532,0.0294582,0.00981939,0.0294582,0.00981939,0.0294582,0.00981939,0.0294582,0.00981939
71,15259.9,1.76961,0.97715,1.00839,0.69772,0.63473,0.65936,0.39427,1.57773,0.8336,0.9518,0.0294425,0.00981415,0.0294425,0.00981415,0.0294425,0.00981415,0.0294425,0.00981415
72,15476,1.76075,0.96488,1.00501,0.69988,0.63914,0.6609,0.39586,1.57341,0.83048,0.95044,0.0294265,0.00980884,0.0294265,0.00980884,0.0294265,0.00980884,0.0294265,0.00980884
73,15686.9,1.75924,0.95906,1.00082,0.70494,0.63917,0.66176,0.3969,1.56753,0.8277,0.94921,0.0294104,0.00980345,0.0294104,0.00980345,0.0294104,0.00980345,0.0294104,0.00980345
74,15892.9,1.75863,0.97152,1.00695,0.70556,0.63905,0.66311,0.3977,1.56207,0.82453,0.94792,0.029394,0.00979799,0.029394,0.00979799,0.029394,0.00979799,0.029394,0.00979799
75,16098.4,1.75272,0.96538,0.99919,0.7079,0.63997,0.66391,0.39943,1.5575,0.82148,0.94681,0.0293774,0.00979246,0.0293774,0.00979246,0.0293774,0.00979246,0.0293774,0.00979246
76,16313.4,1.74271,0.95141,0.99926,0.70832,0.63908,0.66458,0.40087,1.55412,0.81923,0.94581,0.0293606,0.00978685,0.0293606,0.00978685,0.0293606,0.00978685,0.0293606,0.00978685
77,16536.1,1.74429,0.94789,1.00182,0.70527,0.64214,0.66639,0.40157,1.55022,0.81561,0.9448,0.0293435,0.00978118,0.0293435,0.00978118,0.0293435,0.00978118,0.0293435,0.00978118
78,16749.2,1.73609,0.94723,0.99827,0.70739,0.64017,0.66724,0.40263,1.54676,0.81288,0.94371,0.0293263,0.00977542,0.0293263,0.00977542,0.0293263,0.00977542,0.0293263,0.00977542
79,16952.6,1.731,0.94091,0.99149,0.70746,0.64311,0.66775,0.40375,1.54393,0.81077,0.94282,0.0293088,0.0097696,0.0293088,0.0097696,0.0293088,0.0097696,0.0293088,0.0097696
80,17161,1.72473,0.93242,0.99394,0.70719,0.6467,0.66945,0.4044,1.54029,0.80813,0.9417,0.0292911,0.0097637,0.0292911,0.0097637,0.0292911,0.0097637,0.0292911,0.0097637
81,17379.4,1.71477,0.92927,0.98884,0.70729,0.64602,0.6697,0.40503,1.53618,0.80563,0.94056,0.0292732,0.00975773,0.0292732,0.00975773,0.0292732,0.00975773,0.0292732,0.00975773
82,17602.3,1.70522,0.92959,0.98266,0.70876,0.6451,0.671,0.40583,1.53209,0.80346,0.93944,0.0292551,0.00975169,0.0292551,0.00975169,0.0292551,0.00975169,0.0292551,0.00975169
83,17812.3,1.71326,0.93068,0.99502,0.70821,0.64661,0.67163,0.40665,1.52824,0.80069,0.93846,0.0292367,0.00974557,0.0292367,0.00974557,0.0292367,0.00974557,0.0292367,0.00974557
84,18012.5,1.71034,0.93305,0.98546,0.71411,0.64555,0.67289,0.40783,1.52523,0.79953,0.93782,0.0292181,0.00973938,0.0292181,0.00973938,0.0292181,0.00973938,0.0292181,0.00973938
85,18224.6,1.69833,0.92202,0.98601,0.71895,0.6471,0.67507,0.40838,1.52261,0.79784,0.93708,0.0291994,0.00973312,0.0291994,0.00973312,0.0291994,0.00973312,0.0291994,0.00973312
86,18444.6,1.69776,0.91428,0.98471,0.71746,0.6501,0.67634,0.40984,1.51953,0.79604,0.93615,0.0291804,0.00972679,0.0291804,0.00972679,0.0291804,0.00972679,0.0291804,0.00972679
87,18664.1,1.69318,0.91779,0.98214,0.71833,0.65045,0.67677,0.41027,1.51746,0.79432,0.93539,0.0291612,0.00972039,0.0291612,0.00972039,0.0291612,0.00972039,0.0291612,0.00972039
88,18871.6,1.68991,0.91099,0.9812,0.7186,0.65157,0.67782,0.41104,1.51591,0.79259,0.93478,0.0291417,0.00971391,0.0291417,0.00971391,0.0291417,0.00971391,0.0291417,0.00971391
89,19072.3,1.68613,0.90606,0.98322,0.71856,0.65217,0.67851,0.41199,1.51256,0.79079,0.93401,0.0291221,0.00970736,0.0291221,0.00970736,0.0291221,0.00970736,0.0291221,0.00970736
90,19286.5,1.68115,0.90652,0.97796,0.71842,0.65304,0.67927,0.4124,1.50979,0.78926,0.93329,0.0291022,0.00970074,0.0291022,0.00970074,0.0291022,0.00970074,0.0291022,0.00970074
91,19507.8,1.67122,0.89637,0.97246,0.72188,0.65433,0.68084,0.4136,1.50822,0.78731,0.9329,0.0290821,0.00969405,0.0290821,0.00969405,0.0290821,0.00969405,0.0290821,0.00969405
92,19724.8,1.67666,0.8995,0.97495,0.72038,0.65565,0.6818,0.41438,1.50583,0.78579,0.93222,0.0290618,0.00968728,0.0290618,0.00968728,0.0290618,0.00968728,0.0290618,0.00968728
93,19931,1.66472,0.89396,0.97133,0.72059,0.65575,0.68227,0.41516,1.50281,0.78398,0.93142,0.0290413,0.00968045,0.0290413,0.00968045,0.0290413,0.00968045,0.0290413,0.00968045
94,20134.1,1.66428,0.89385,0.97019,0.72344,0.65507,0.68318,0.4164,1.50019,0.78234,0.93072,0.0290206,0.00967354,0.0290206,0.00967354,0.0290206,0.00967354,0.0290206,0.00967354
95,20349.7,1.66195,0.88837,0.96974,0.72504,0.65463,0.68405,0.41674,1.49753,0.78084,0.93002,0.0289997,0.00966656,0.0289997,0.00966656,0.0289997,0.00966656,0.0289997,0.00966656
96,20571.5,1.66363,0.88776,0.96976,0.72618,0.65628,0.68542,0.41747,1.49486,0.77927,0.92929,0.0289785,0.00965951,0.0289785,0.00965951,0.0289785,0.00965951,0.0289785,0.00965951
97,20788.9,1.65543,0.88803,0.9701,0.72825,0.65732,0.68721,0.41854,1.49235,0.77728,0.92849,0.0289572,0.00965239,0.0289572,0.00965239,0.0289572,0.00965239,0.0289572,0.00965239
98,20998.2,1.64641,0.88241,0.96637,0.73138,0.65699,0.68785,0.41917,1.48972,0.77574,0.92782,0.0289356,0.0096452,0.0289356,0.0096452,0.0289356,0.0096452,0.0289356,0.0096452
99,21198.9,1.65228,0.88178,0.968,0.73235,0.65808,0.68891,0.41989,1.48678,0.77388,0.92723,0.0289138,0.00963794,0.0289138,0.00963794,0.0289138,0.00963794,0.0289138,0.00963794
100,21413.8,1.63544,0.87819,0.96788,0.73344,0.65797,0.68988,0.42074,1.48408,0.77221,0.92653,0.0288918,0.00963061,0.0288918,0.00963061,0.0288918,0.00963061,0.0288918,0.00963061
101,21634.8,1.65401,0.88286,0.96919,0.73484,0.65844,0.69096,0.42172,1.48192,0.77101,0.92619,0.0288696,0.0096232,0.0288696,0.0096232,0.0288696,0.0096232,0.0288696,0.0096232
102,21853.8,1.65131,0.87862,0.967,0.73689,0.65857,0.69179,0.42202,1.4795,0.76895,0.92569,0.0288472,0.00961573,0.0288472,0.00961573,0.0288472,0.00961573,0.0288472,0.00961573
103,22063.3,1.63368,0.86863,0.96453,0.73681,0.65911,0.69225,0.42322,1.47645,0.76766,0.92506,0.0288246,0.00960819,0.0288246,0.00960819,0.0288246,0.00960819,0.0288246,0.00960819
104,22265.7,1.63397,0.86901,0.96251,0.74056,0.65956,0.69281,0.42367,1.47388,0.76616,0.92456,0.0288017,0.00960057,0.0288017,0.00960057,0.0288017,0.00960057,0.0288017,0.00960057
105,22480,1.63043,0.86447,0.95903,0.73697,0.6614,0.69373,0.42438,1.47169,0.76464,0.92401,0.0287787,0.00959289,0.0287787,0.00959289,0.0287787,0.00959289,0.0287787,0.00959289
106,22700.8,1.62303,0.86291,0.96271,0.74062,0.66051,0.69473,0.42527,1.46915,0.76319,0.92334,0.0287554,0.00958513,0.0287554,0.00958513,0.0287554,0.00958513,0.0287554,0.00958513
107,22915.9,1.62119,0.85526,0.95976,0.74014,0.66173,0.69544,0.42629,1.46678,0.76167,0.92273,0.0287319,0.00957731,0.0287319,0.00957731,0.0287319,0.00957731,0.0287319,0.00957731
108,23121.8,1.62155,0.85837,0.95348,0.74303,0.66196,0.69662,0.42732,1.46489,0.7606,0.92217,0.0287082,0.00956941,0.0287082,0.00956941,0.0287082,0.00956941,0.0287082,0.00956941
109,23323.5,1.61727,0.85625,0.95901,0.75062,0.66235,0.69876,0.42844,1.46248,0.75926,0.92162,0.0286843,0.00956145,0.0286843,0.00956145,0.0286843,0.00956145,0.0286843,0.00956145
110,23540,1.60804,0.85351,0.95737,0.75242,0.66331,0.69943,0.42889,1.46025,0.75803,0.92099,0.0286602,0.00955341,0.0286602,0.00955341,0.0286602,0.00955341,0.0286602,0.00955341
111,23760.2,1.60714,0.85263,0.95161,0.75137,0.66333,0.69927,0.42965,1.45791,0.7566,0.92037,0.0286359,0.00954531,0.0286359,0.00954531,0.0286359,0.00954531,0.0286359,0.00954531
112,23973.8,1.61034,0.84978,0.95852,0.75302,0.66395,0.70059,0.43069,1.45473,0.75482,0.91976,0.0286114,0.00953714,0.0286114,0.00953714,0.0286114,0.00953714,0.0286114,0.00953714
113,24176.4,1.59213,0.84285,0.95157,0.75297,0.66451,0.70105,0.43175,1.4521,0.75315,0.91911,0.0285867,0.00952889,0.0285867,0.00952889,0.0285867,0.00952889,0.0285867,0.00952889
114,24381.3,1.598,0.84269,0.9559,0.75107,0.66689,0.70173,0.43226,1.44968,0.75174,0.91846,0.0285617,0.00952058,0.0285617,0.00952058,0.0285617,0.00952058,0.0285617,0.00952058
115,24596.4,1.5908,0.83608,0.95142,0.75346,0.66672,0.70253,0.43346,1.44799,0.75031,0.91799,0.0285366,0.0095122,0.0285366,0.0095122,0.0285366,0.0095122,0.0285366,0.0095122
116,24818.4,1.59608,0.83984,0.9544,0.75535,0.66781,0.70354,0.43414,1.44622,0.74858,0.91736,0.0285113,0.00950375,0.0285113,0.00950375,0.0285113,0.00950375,0.0285113,0.00950375
117,25024.7,1.58232,0.83436,0.94649,0.75688,0.66799,0.70373,0.43503,1.44402,0.7466,0.91674,0.0284857,0.00949524,0.0284857,0.00949524,0.0284857,0.00949524,0.0284857,0.00949524
118,25222.8,1.58555,0.8322,0.94825,0.75819,0.66882,0.70427,0.43584,1.44169,0.7452,0.91613,0.02846,0.00948665,0.02846,0.00948665,0.02846,0.00948665,0.02846,0.00948665
119,25430.5,1.58585,0.82934,0.94886,0.75754,0.67009,0.70513,0.43652,1.43926,0.74333,0.9154,0.028434,0.009478,0.028434,0.009478,0.028434,0.009478,0.028434,0.009478
120,25645.5,1.58487,0.83172,0.94565,0.75683,0.67063,0.706,0.4369,1.43726,0.74183,0.91488,0.0284078,0.00946927,0.0284078,0.00946927,0.0284078,0.00946927,0.0284078,0.00946927
121,25854.9,1.58027,0.82563,0.94578,0.75884,0.67211,0.70793,0.43794,1.43483,0.74016,0.91439,0.0283814,0.00946048,0.0283814,0.00946048,0.0283814,0.00946048,0.0283814,0.00946048
122,26055.8,1.58712,0.83217,0.94849,0.75868,0.67345,0.7084,0.43854,1.43334,0.73828,0.91405,0.0283549,0.00945162,0.0283549,0.00945162,0.0283549,0.00945162,0.0283549,0.00945162
123,26256.8,1.57785,0.82838,0.94627,0.76043,0.67364,0.70888,0.43896,1.43128,0.73685,0.9135,0.0283281,0.0094427,0.0283281,0.0094427,0.0283281,0.0094427,0.0283281,0.0094427
124,26469.2,1.57425,0.83408,0.94453,0.75754,0.67571,0.70945,0.44022,1.4296,0.73498,0.9131,0.0283011,0.0094337,0.0283011,0.0094337,0.0283011,0.0094337,0.0283011,0.0094337
125,26686.3,1.56456,0.82675,0.94483,0.75725,0.67741,0.71046,0.44094,1.42733,0.73339,0.91261,0.0282739,0.00942464,0.0282739,0.00942464,0.0282739,0.00942464,0.0282739,0.00942464
126,26894.1,1.56732,0.8169,0.94682,0.75918,0.6766,0.7112,0.44157,1.42533,0.73218,0.91208,0.0282465,0.00941551,0.0282465,0.00941551,0.0282465,0.00941551,0.0282465,0.00941551
127,27096.7,1.5698,0.82495,0.9473,0.75954,0.6763,0.71123,0.44227,1.42337,0.73058,0.91166,0.0282189,0.00940631,0.0282189,0.00940631,0.0282189,0.00940631,0.0282189,0.00940631
128,27305,1.55784,0.81826,0.94088,0.75863,0.67773,0.71154,0.44288,1.42079,0.72901,0.91115,0.0281911,0.00939705,0.0281911,0.00939705,0.0281911,0.00939705,0.0281911,0.00939705
129,27521.4,1.56237,0.81723,0.94331,0.76043,0.67741,0.71192,0.44373,1.41895,0.72763,0.91071,0.0281632,0.00938772,0.0281632,0.00938772,0.0281632,0.00938772,0.0281632,0.00938772
130,27735.1,1.55601,0.81344,0.94071,0.76018,0.67891,0.71361,0.44458,1.41688,0.72572,0.91013,0.028135,0.00937832,0.028135,0.00937832,0.028135,0.00937832,0.028135,0.00937832
131,27942.1,1.55611,0.81625,0.93954,0.76153,0.68044,0.71468,0.44534,1.41405,0.72433,0.90958,0.0281066,0.00936886,0.0281066,0.00936886,0.0281066,0.00936886,0.0281066,0.00936886
132,28141.8,1.55109,0.81348,0.9441,0.76583,0.68108,0.71561,0.44622,1.41154,0.72292,0.90918,0.028078,0.00935932,0.028078,0.00935932,0.028078,0.00935932,0.028078,0.00935932
133,28355.5,1.55182,0.81261,0.94032,0.76821,0.68237,0.71691,0.44676,1.40954,0.72169,0.90874,0.0280492,0.00934973,0.0280492,0.00934973,0.0280492,0.00934973,0.0280492,0.00934973
134,28577.2,1.54626,0.80142,0.94193,0.76864,0.68363,0.71719,0.4473,1.40793,0.72016,0.90833,0.0280202,0.00934006,0.0280202,0.00934006,0.0280202,0.00934006,0.0280202,0.00934006
135,28789.2,1.55027,0.80189,0.9372,0.76977,0.68429,0.71873,0.44842,1.40624,0.71882,0.90772,0.027991,0.00933033,0.027991,0.00933033,0.027991,0.00933033,0.027991,0.00933033
136,28993.7,1.54465,0.80341,0.93984,0.77106,0.68418,0.71895,0.44903,1.40379,0.71769,0.90723,0.0279616,0.00932054,0.0279616,0.00932054,0.0279616,0.00932054,0.0279616,0.00932054
137,29199.6,1.53699,0.79751,0.9361,0.77117,0.68474,0.71928,0.45002,1.40161,0.71644,0.90682,0.027932,0.00931067,0.027932,0.00931067,0.027932,0.00931067,0.027932,0.00931067
138,29415.4,1.54092,0.79688,0.93756,0.76949,0.68528,0.71939,0.45052,1.39958,0.71537,0.90631,0.0279022,0.00930075,0.0279022,0.00930075,0.0279022,0.00930075,0.0279022,0.00930075
139,29639.8,1.53598,0.79744,0.93403,0.76961,0.68581,0.72019,0.4514,1.39758,0.71369,0.90602,0.0278723,0.00929075,0.0278723,0.00929075,0.0278723,0.00929075,0.0278723,0.00929075
140,29850.4,1.52572,0.79454,0.93352,0.77068,0.68632,0.7212,0.45203,1.39546,0.7122,0.90552,0.0278421,0.00928069,0.0278421,0.00928069,0.0278421,0.00928069,0.0278421,0.00928069
141,30054.5,1.53489,0.79864,0.93549,0.77059,0.68676,0.72249,0.45283,1.39288,0.71062,0.90493,0.0278117,0.00927057,0.0278117,0.00927057,0.0278117,0.00927057,0.0278117,0.00927057
142,30262.8,1.52275,0.79077,0.93764,0.77093,0.68786,0.72283,0.4538,1.3911,0.70965,0.90449,0.0277811,0.00926038,0.0277811,0.00926038,0.0277811,0.00926038,0.0277811,0.00926038
143,30481.1,1.52947,0.79362,0.93673,0.77088,0.6898,0.72524,0.45512,1.38893,0.70852,0.90391,0.0277504,0.00925013,0.0277504,0.00925013,0.0277504,0.00925013,0.0277504,0.00925013
144,30701.8,1.52636,0.78813,0.93479,0.77499,0.68817,0.72539,0.45562,1.38678,0.70719,0.9035,0.0277194,0.00923981,0.0277194,0.00923981,0.0277194,0.00923981,0.0277194,0.00923981
145,30911.7,1.522,0.79125,0.92927,0.77676,0.68965,0.72701,0.45685,1.38477,0.70541,0.90311,0.0276883,0.00922942,0.0276883,0.00922942,0.0276883,0.00922942,0.0276883,0.00922942
146,31115.2,1.51432,0.78564,0.93416,0.77244,0.69191,0.72708,0.45717,1.38235,0.70436,0.90252,0.0276569,0.00921898,0.0276569,0.00921898,0.0276569,0.00921898,0.0276569,0.00921898
147,31325.9,1.52675,0.79154,0.93035,0.77597,0.68996,0.72731,0.45809,1.37982,0.70259,0.9019,0.0276254,0.00920846,0.0276254,0.00920846,0.0276254,0.00920846,0.0276254,0.00920846
148,31545.1,1.51208,0.7808,0.93153,0.77664,0.69005,0.7282,0.45897,1.37768,0.70126,0.90123,0.0275937,0.00919789,0.0275937,0.00919789,0.0275937,0.00919789,0.0275937,0.00919789
149,31765.5,1.51677,0.78341,0.93055,0.77744,0.69088,0.72815,0.46001,1.37505,0.6997,0.90057,0.0275617,0.00918725,0.0275617,0.00918725,0.0275617,0.00918725,0.0275617,0.00918725
150,31973.3,1.50894,0.78523,0.92823,0.77583,0.69182,0.72892,0.46046,1.37268,0.69804,0.8999,0.0275296,0.00917654,0.0275296,0.00917654,0.0275296,0.00917654,0.0275296,0.00917654
151,32174.1,1.51076,0.77669,0.92667,0.77543,0.69406,0.73019,0.46103,1.37064,0.69665,0.89951,0.0274973,0.00916577,0.0274973,0.00916577,0.0274973,0.00916577,0.0274973,0.00916577
152,32386.7,1.50311,0.77539,0.92667,0.77461,0.69617,0.73057,0.46173,1.368,0.69502,0.89898,0.0274648,0.00915494,0.0274648,0.00915494,0.0274648,0.00915494,0.0274648,0.00915494
153,32605.7,1.50319,0.77968,0.93119,0.7749,0.69576,0.73115,0.46274,1.36559,0.69324,0.89845,0.0274321,0.00914405,0.0274321,0.00914405,0.0274321,0.00914405,0.0274321,0.00914405
154,32825.6,1.50662,0.77452,0.92914,0.78029,0.69468,0.73188,0.46332,1.36334,0.69181,0.8978,0.0273993,0.00913309,0.0273993,0.00913309,0.0273993,0.00913309,0.0273993,0.00913309
155,33033.8,1.49739,0.77042,0.92651,0.77961,0.69664,0.73248,0.46422,1.36124,0.69023,0.89725,0.0273662,0.00912207,0.0273662,0.00912207,0.0273662,0.00912207,0.0273662,0.00912207
156,33235,1.49621,0.77002,0.92605,0.78013,0.69815,0.73378,0.4651,1.35927,0.68879,0.8967,0.027333,0.00911099,0.027333,0.00911099,0.027333,0.00911099,0.027333,0.00911099
157,33446.7,1.49524,0.77057,0.92634,0.78098,0.69875,0.73454,0.46574,1.35692,0.68756,0.8962,0.0272995,0.00909984,0.0272995,0.00909984,0.0272995,0.00909984,0.0272995,0.00909984
158,33665.7,1.49653,0.76803,0.92683,0.78012,0.69879,0.73536,0.46631,1.35444,0.68621,0.89572,0.0272659,0.00908863,0.0272659,0.00908863,0.0272659,0.00908863,0.0272659,0.00908863
159,33884.9,1.50572,0.77958,0.92619,0.7794,0.69971,0.73551,0.46745,1.35189,0.68509,0.89518,0.0272321,0.00907736,0.0272321,0.00907736,0.0272321,0.00907736,0.0272321,0.00907736
160,34090.8,1.49702,0.77232,0.92487,0.78162,0.69835,0.73619,0.46862,1.34991,0.68376,0.8948,0.0271981,0.00906603,0.0271981,0.00906603,0.0271981,0.00906603,0.0271981,0.00906603
161,34290.4,1.49652,0.77099,0.92382,0.78363,0.70017,0.73757,0.46952,1.34785,0.68245,0.89436,0.0271639,0.00905463,0.0271639,0.00905463,0.0271639,0.00905463,0.0271639,0.00905463
162,34503.3,1.49115,0.76379,0.92372,0.78534,0.7003,0.73828,0.47018,1.34586,0.6813,0.894,0.0271295,0.00904318,0.0271295,0.00904318,0.0271295,0.00904318,0.0271295,0.00904318
163,34722.5,1.49569,0.76211,0.92545,0.78697,0.70019,0.73959,0.47104,1.34332,0.68032,0.89357,0.027095,0.00903166,0.027095,0.00903166,0.027095,0.00903166,0.027095,0.00903166
164,34937.3,1.48682,0.76448,0.92135,0.78937,0.70017,0.7408,0.47229,1.34111,0.67894,0.89313,0.0270602,0.00902008,0.0270602,0.00902008,0.0270602,0.00902008,0.0270602,0.00902008
165,35142.1,1.48734,0.76695,0.92329,0.78877,0.70184,0.74107,0.47295,1.33834,0.67756,0.8926,0.0270253,0.00900844,0.0270253,0.00900844,0.0270253,0.00900844,0.0270253,0.00900844
166,35345.7,1.48242,0.76523,0.92243,0.78956,0.70255,0.74222,0.47394,1.33553,0.67608,0.89203,0.0269902,0.00899674,0.0269902,0.00899674,0.0269902,0.00899674,0.0269902,0.00899674
167,35561.5,1.48214,0.76212,0.92045,0.79152,0.70311,0.74273,0.47488,1.33302,0.67485,0.89167,0.0269549,0.00898497,0.0269549,0.00898497,0.0269549,0.00898497,0.0269549,0.00898497
168,35783.1,1.47739,0.75914,0.92107,0.79448,0.70314,0.74352,0.47583,1.33078,0.67301,0.89124,0.0269195,0.00897315,0.0269195,0.00897315,0.0269195,0.00897315,0.0269195,0.00897315
169,35994.8,1.4755,0.7586,0.92041,0.79382,0.7059,0.74438,0.47639,1.32808,0.6719,0.89065,0.0268838,0.00896127,0.0268838,0.00896127,0.0268838,0.00896127,0.0268838,0.00896127
170,36197.7,1.48165,0.75857,0.91833,0.79665,0.70596,0.74566,0.47716,1.32609,0.67064,0.89015,0.026848,0.00894932,0.026848,0.00894932,0.026848,0.00894932,0.026848,0.00894932
171,36404.7,1.47658,0.75522,0.92097,0.79548,0.70772,0.74733,0.47869,1.32339,0.66881,0.88975,0.026812,0.00893732,0.026812,0.00893732,0.026812,0.00893732,0.026812,0.00893732
172,36622,1.47854,0.7585,0.9197,0.79905,0.70732,0.74785,0.47909,1.32167,0.6673,0.88916,0.0267758,0.00892525,0.0267758,0.00892525,0.0267758,0.00892525,0.0267758,0.00892525
173,36842.8,1.46906,0.7537,0.92215,0.8002,0.70785,0.74836,0.47984,1.32013,0.66601,0.88896,0.0267394,0.00891313,0.0267394,0.00891313,0.0267394,0.00891313,0.0267394,0.00891313
174,37050.4,1.46447,0.75163,0.92048,0.80224,0.70874,0.74966,0.48084,1.31815,0.66474,0.88848,0.0267028,0.00890095,0.0267028,0.00890095,0.0267028,0.00890095,0.0267028,0.00890095
175,37250.7,1.47303,0.75299,0.91864,0.80438,0.70964,0.75062,0.48162,1.31633,0.66302,0.88813,0.0266661,0.0088887,0.0266661,0.0088887,0.0266661,0.0088887,0.0266661,0.0088887
176,37461,1.47152,0.74788,0.91681,0.80551,0.7102,0.75149,0.48233,1.31444,0.66153,0.88779,0.0266292,0.0088764,0.0266292,0.0088764,0.0266292,0.0088764,0.0266292,0.0088764
177,37677,1.46132,0.74655,0.91751,0.80534,0.71031,0.75199,0.48282,1.31252,0.65999,0.88738,0.0265921,0.00886404,0.0265921,0.00886404,0.0265921,0.00886404,0.0265921,0.00886404
178,37896,1.46827,0.75439,0.91828,0.80397,0.71194,0.75332,0.48337,1.31035,0.65878,0.8871,0.0265549,0.00885162,0.0265549,0.00885162,0.0265549,0.00885162,0.0265549,0.00885162
179,38101.2,1.46787,0.74703,0.9159,0.80393,0.71239,0.75374,0.48384,1.30883,0.65764,0.88671,0.0265174,0.00883914,0.0265174,0.00883914,0.0265174,0.00883914,0.0265174,0.00883914
180,38300.1,1.46031,0.74266,0.91422,0.80467,0.71267,0.75495,0.48452,1.30715,0.6563,0.88635,0.0264798,0.0088266,0.0264798,0.0088266,0.0264798,0.0088266,0.0264798,0.0088266
181,38513.4,1.46022,0.74732,0.91619,0.80361,0.71373,0.75597,0.48577,1.30528,0.65511,0.88588,0.026442,0.00881401,0.026442,0.00881401,0.026442,0.00881401,0.026442,0.00881401
182,38730.2,1.44659,0.73982,0.91678,0.80671,0.71587,0.75831,0.48625,1.30394,0.65353,0.88555,0.0264041,0.00880136,0.0264041,0.00880136,0.0264041,0.00880136,0.0264041,0.00880136
183,38942.1,1.45796,0.74585,0.91517,0.80605,0.71467,0.75885,0.48672,1.30201,0.65194,0.88522,0.0263659,0.00878864,0.0263659,0.00878864,0.0263659,0.00878864,0.0263659,0.00878864
184,39145.2,1.45533,0.74643,0.91592,0.80889,0.71492,0.75969,0.48756,1.30033,0.65078,0.88486,0.0263276,0.00877588,0.0263276,0.00877588,0.0263276,0.00877588,0.0263276,0.00877588
185,39347.7,1.4588,0.74186,0.91557,0.80864,0.71805,0.76079,0.48847,1.29811,0.64938,0.8845,0.0262891,0.00876305,0.0262891,0.00876305,0.0262891,0.00876305,0.0262891,0.00876305
186,39559.9,1.4542,0.74407,0.91296,0.81116,0.7177,0.7615,0.48922,1.29627,0.64778,0.88408,0.0262505,0.00875017,0.0262505,0.00875017,0.0262505,0.00875017,0.0262505,0.00875017
187,39777.6,1.43865,0.73455,0.91122,0.81034,0.71818,0.76158,0.49002,1.2943,0.64616,0.8838,0.0262117,0.00873723,0.0262117,0.00873723,0.0262117,0.00873723,0.0262117,0.00873723
188,39982.6,1.44064,0.73561,0.91447,0.81063,0.71984,0.7634,0.49058,1.2923,0.64472,0.88341,0.0261727,0.00872423,0.0261727,0.00872423,0.0261727,0.00872423,0.0261727,0.00872423
189,40180.4,1.44643,0.73494,0.91498,0.80699,0.72154,0.76299,0.49169,1.29018,0.64338,0.88312,0.0261335,0.00871117,0.0261335,0.00871117,0.0261335,0.00871117,0.0261335,0.00871117
190,40388.3,1.44288,0.73891,0.91246,0.80958,0.72009,0.76421,0.49225,1.28842,0.64169,0.88286,0.0260942,0.00869806,0.0260942,0.00869806,0.0260942,0.00869806,0.0260942,0.00869806
191,40605.2,1.4417,0.73591,0.91322,0.80906,0.72105,0.76473,0.49284,1.28702,0.64017,0.88264,0.0260547,0.0086849,0.0260547,0.0086849,0.0260547,0.0086849,0.0260547,0.0086849
192,40819.2,1.44692,0.7367,0.91302,0.80809,0.72386,0.76508,0.49305,1.28555,0.63898,0.88234,0.026015,0.00867167,0.026015,0.00867167,0.026015,0.00867167,0.026015,0.00867167
193,41038.6,1.45107,0.74393,0.91475,0.81128,0.7244,0.76586,0.49354,1.28323,0.6375,0.88204,0.0259752,0.00865839,0.0259752,0.00865839,0.0259752,0.00865839,0.0259752,0.00865839
194,41254.4,1.44232,0.73238,0.9101,0.80897,0.72647,0.7674,0.49468,1.28162,0.63618,0.88181,0.0259352,0.00864506,0.0259352,0.00864506,0.0259352,0.00864506,0.0259352,0.00864506
195,41487.3,1.43147,0.73104,0.91124,0.80861,0.7272,0.76796,0.4953,1.28051,0.6352,0.88162,0.025895,0.00863167,0.025895,0.00863167,0.025895,0.00863167,0.025895,0.00863167
196,41723.9,1.43149,0.72752,0.91088,0.80797,0.72703,0.76806,0.49582,1.27933,0.63426,0.88145,0.0258547,0.00861823,0.0258547,0.00861823,0.0258547,0.00861823,0.0258547,0.00861823
197,41952.6,1.43236,0.72783,0.90817,0.80906,0.72847,0.76885,0.49662,1.27769,0.6329,0.8813,0.0258142,0.00860473,0.0258142,0.00860473,0.0258142,0.00860473,0.0258142,0.00860473
198,42171.1,1.43825,0.73071,0.91227,0.80895,0.72934,0.76942,0.49742,1.27628,0.63193,0.881,0.0257735,0.00859117,0.0257735,0.00859117,0.0257735,0.00859117,0.0257735,0.00859117
199,42395.8,1.4302,0.73006,0.91072,0.80901,0.72926,0.76979,0.49843,1.27474,0.63068,0.88073,0.0257327,0.00857756,0.0257327,0.00857756,0.0257327,0.00857756,0.0257327,0.00857756
200,42630.6,1.42521,0.7292,0.90888,0.81238,0.72922,0.7702,0.49882,1.27338,0.62975,0.88057,0.0256917,0.0085639,0.0256917,0.0085639,0.0256917,0.0085639,0.0256917,0.0085639
201,42861,1.42967,0.72699,0.90827,0.81436,0.72947,0.77129,0.49959,1.27159,0.62916,0.88022,0.0256505,0.00855018,0.0256505,0.00855018,0.0256505,0.00855018,0.0256505,0.00855018
202,43085.5,1.42735,0.72327,0.90702,0.81602,0.7308,0.77219,0.49961,1.27071,0.62818,0.87998,0.0256092,0.00853641,0.0256092,0.00853641,0.0256092,0.00853641,0.0256092,0.00853641
203,43314.3,1.42883,0.73,0.91052,0.8171,0.73147,0.77311,0.50066,1.26874,0.62694,0.87964,0.0255677,0.00852258,0.0255677,0.00852258,0.0255677,0.00852258,0.0255677,0.00852258
204,43548.6,1.4164,0.72333,0.90727,0.81545,0.73293,0.77449,0.50139,1.26706,0.62638,0.8794,0.0255261,0.0085087,0.0255261,0.0085087,0.0255261,0.0085087,0.0255261,0.0085087
205,43785.4,1.42213,0.72296,0.90764,0.81751,0.73349,0.77545,0.50254,1.2654,0.62542,0.87923,0.0254843,0.00849477,0.0254843,0.00849477,0.0254843,0.00849477,0.0254843,0.00849477
206,44013.2,1.41907,0.72099,0.90866,0.81539,0.73473,0.77572,0.50309,1.26345,0.62429,0.87898,0.0254423,0.00848078,0.0254423,0.00848078,0.0254423,0.00848078,0.0254423,0.00848078
207,44234,1.42047,0.71798,0.90806,0.8153,0.73672,0.77695,0.50402,1.26171,0.62332,0.87872,0.0254002,0.00846674,0.0254002,0.00846674,0.0254002,0.00846674,0.0254002,0.00846674
208,44458.5,1.41542,0.71688,0.9048,0.8141,0.73743,0.77717,0.50492,1.26082,0.62249,0.87848,0.025358,0.00845265,0.025358,0.00845265,0.025358,0.00845265,0.025358,0.00845265
209,44691.4,1.41585,0.71443,0.90838,0.82252,0.73307,0.77725,0.50505,1.25981,0.62176,0.8783,0.0253155,0.00843851,0.0253155,0.00843851,0.0253155,0.00843851,0.0253155,0.00843851
210,44926.7,1.41172,0.71229,0.90483,0.82289,0.73355,0.77745,0.50583,1.25847,0.62106,0.87806,0.0252729,0.00842431,0.0252729,0.00842431,0.0252729,0.00842431,0.0252729,0.00842431
211,45153.9,1.40949,0.71216,0.90458,0.82408,0.73478,0.77876,0.50664,1.257,0.61985,0.87778,0.0252302,0.00841006,0.0252302,0.00841006,0.0252302,0.00841006,0.0252302,0.00841006
212,45372.2,1.42093,0.71603,0.90607,0.82658,0.73463,0.77893,0.50721,1.25517,0.61885,0.87756,0.0251873,0.00839576,0.0251873,0.00839576,0.0251873,0.00839576,0.0251873,0.00839576
213,45589.7,1.41475,0.71483,0.90316,0.82628,0.73563,0.78047,0.50879,1.25306,0.6178,0.87726,0.0251442,0.00838141,0.0251442,0.00838141,0.0251442,0.00838141,0.0251442,0.00838141
214,45814.3,1.40864,0.71067,0.90453,0.82603,0.73712,0.78182,0.50867,1.25184,0.61691,0.87693,0.025101,0.00836701,0.025101,0.00836701,0.025101,0.00836701,0.025101,0.00836701
215,46035,1.40783,0.71033,0.90266,0.82696,0.73736,0.7819,0.5096,1.2506,0.61572,0.87671,0.0250577,0.00835255,0.0250577,0.00835255,0.0250577,0.00835255,0.0250577,0.00835255
216,46243.5,1.41266,0.71561,0.90621,0.82513,0.73886,0.78306,0.51046,1.24875,0.61454,0.87639,0.0250141,0.00833805,0.0250141,0.00833805,0.0250141,0.00833805,0.0250141,0.00833805
217,46448.8,1.41002,0.71114,0.9028,0.82502,0.74063,0.78452,0.51138,1.24733,0.61358,0.87599,0.0249705,0.00832349,0.0249705,0.00832349,0.0249705,0.00832349,0.0249705,0.00832349
218,46666.4,1.40573,0.70862,0.90223,0.8277,0.74101,0.78616,0.51244,1.24589,0.61244,0.87562,0.0249267,0.00830889,0.0249267,0.00830889,0.0249267,0.00830889,0.0249267,0.00830889
219,46892,1.41394,0.71889,0.90368,0.82705,0.74231,0.78584,0.51271,1.24419,0.61125,0.87529,0.0248827,0.00829423,0.0248827,0.00829423,0.0248827,0.00829423,0.0248827,0.00829423
220,47111.1,1.40496,0.709,0.90441,0.82756,0.74214,0.78621,0.51337,1.24291,0.61025,0.87508,0.0248386,0.00827952,0.0248386,0.00827952,0.0248386,0.00827952,0.0248386,0.00827952
221,47322.4,1.40341,0.70649,0.90456,0.82965,0.74253,0.78716,0.51385,1.24205,0.60949,0.87483,0.0247943,0.00826477,0.0247943,0.00826477,0.0247943,0.00826477,0.0247943,0.00826477
222,47525.9,1.40931,0.71235,0.90457,0.8319,0.74331,0.78753,0.51464,1.24045,0.60847,0.87461,0.0247499,0.00824996,0.0247499,0.00824996,0.0247499,0.00824996,0.0247499,0.00824996
223,47743.1,1.40446,0.70796,0.90073,0.8318,0.7441,0.78775,0.5151,1.23946,0.60748,0.87435,0.0247053,0.00823511,0.0247053,0.00823511,0.0247053,0.00823511,0.0247053,0.00823511
224,47973.5,1.4035,0.71362,0.90336,0.83241,0.74466,0.78861,0.51487,1.23773,0.60663,0.87418,0.0246606,0.0082202,0.0246606,0.0082202,0.0246606,0.0082202,0.0246606,0.0082202
225,48189.4,1.40232,0.7104,0.9012,0.83489,0.74425,0.78953,0.51616,1.23554,0.60534,0.87387,0.0246157,0.00820525,0.0246157,0.00820525,0.0246157,0.00820525,0.0246157,0.00820525
226,48393.6,1.39687,0.70839,0.90048,0.83704,0.74411,0.78996,0.51668,1.23406,0.60459,0.87362,0.0245707,0.00819025,0.0245707,0.00819025,0.0245707,0.00819025,0.0245707,0.00819025
227,48598.7,1.38772,0.6978,0.89776,0.83849,0.74575,0.79061,0.51759,1.23294,0.60361,0.87339,0.0245256,0.0081752,0.0245256,0.0081752,0.0245256,0.0081752,0.0245256,0.0081752
228,48813.5,1.38558,0.69602,0.89897,0.83837,0.7466,0.79073,0.51786,1.232,0.60264,0.87318,0.0244803,0.0081601,0.0244803,0.0081601,0.0244803,0.0081601,0.0244803,0.0081601
229,49038.5,1.39053,0.70174,0.89857,0.83876,0.74795,0.79145,0.51888,1.23079,0.60181,0.87284,0.0244349,0.00814495,0.0244349,0.00814495,0.0244349,0.00814495,0.0244349,0.00814495
230,49252.9,1.39341,0.70433,0.89772,0.83733,0.74826,0.79226,0.51964,1.22912,0.60086,0.87246,0.0243893,0.00812976,0.0243893,0.00812976,0.0243893,0.00812976,0.0243893,0.00812976
231,49462,1.39213,0.7047,0.89802,0.83733,0.74915,0.79312,0.52012,1.22798,0.60007,0.87218,0.0243435,0.00811452,0.0243435,0.00811452,0.0243435,0.00811452,0.0243435,0.00811452
232,49677.4,1.38171,0.69379,0.89792,0.83544,0.75063,0.7931,0.5206,1.22631,0.59906,0.87195,0.0242977,0.00809923,0.0242977,0.00809923,0.0242977,0.00809923,0.0242977,0.00809923
233,49900.7,1.39074,0.70248,0.90042,0.8343,0.75029,0.79321,0.52122,1.22547,0.59819,0.87176,0.0242517,0.00808389,0.0242517,0.00808389,0.0242517,0.00808389,0.0242517,0.00808389
234,50124.5,1.38616,0.69918,0.8992,0.83636,0.75042,0.79449,0.52202,1.22361,0.59729,0.87128,0.0242055,0.00806851,0.0242055,0.00806851,0.0242055,0.00806851,0.0242055,0.00806851
235,50341.1,1.38196,0.69716,0.90029,0.83796,0.75075,0.79525,0.52237,1.22168,0.59644,0.871,0.0241592,0.00805308,0.0241592,0.00805308,0.0241592,0.00805308,0.0241592,0.00805308
236,50546.8,1.38919,0.69833,0.89976,0.83922,0.75227,0.79645,0.523,1.22066,0.59552,0.87083,0.0241128,0.0080376,0.0241128,0.0080376,0.0241128,0.0080376,0.0241128,0.0080376
237,50758.1,1.38053,0.69451,0.89778,0.84011,0.75274,0.79746,0.52389,1.21988,0.59476,0.87051,0.0240662,0.00802208,0.0240662,0.00802208,0.0240662,0.00802208,0.0240662,0.00802208
238,50976.9,1.38229,0.695,0.89799,0.84112,0.7526,0.79721,0.52447,1.21864,0.5944,0.87032,0.0240195,0.00800651,0.0240195,0.00800651,0.0240195,0.00800651,0.0240195,0.00800651
239,51198.8,1.37981,0.69661,0.89484,0.83974,0.7537,0.79766,0.52509,1.21674,0.59335,0.87008,0.0239727,0.0079909,0.0239727,0.0079909,0.0239727,0.0079909,0.0239727,0.0079909
240,51414.5,1.38389,0.69761,0.90046,0.84199,0.75433,0.79885,0.52625,1.21502,0.59223,0.86989,0.0239257,0.00797524,0.0239257,0.00797524,0.0239257,0.00797524,0.0239257,0.00797524
241,51617.6,1.37492,0.69119,0.89823,0.84197,0.75542,0.79914,0.52688,1.21322,0.59175,0.86966,0.0238786,0.00795954,0.0238786,0.00795954,0.0238786,0.00795954,0.0238786,0.00795954
242,51829,1.3801,0.69603,0.89553,0.84272,0.75541,0.79935,0.52725,1.21158,0.5909,0.86942,0.0238314,0.00794379,0.0238314,0.00794379,0.0238314,0.00794379,0.0238314,0.00794379
243,52046.7,1.38139,0.6916,0.89327,0.84473,0.75568,0.79943,0.52751,1.21021,0.5904,0.86914,0.023784,0.007928,0.023784,0.007928,0.023784,0.007928,0.023784,0.007928
244,52275.7,1.3676,0.68592,0.89534,0.84709,0.75681,0.8008,0.52795,1.20914,0.58972,0.86891,0.0237365,0.00791216,0.0237365,0.00791216,0.0237365,0.00791216,0.0237365,0.00791216
245,52488.4,1.37295,0.68768,0.89235,0.84709,0.75738,0.80151,0.52857,1.20834,0.58885,0.86879,0.0236888,0.00789628,0.0236888,0.00789628,0.0236888,0.00789628,0.0236888,0.00789628
246,52693.2,1.36797,0.68633,0.89213,0.84784,0.75686,0.80205,0.52879,1.2076,0.58804,0.86867,0.0236411,0.00788035,0.0236411,0.00788035,0.0236411,0.00788035,0.0236411,0.00788035
247,52905.6,1.36381,0.68596,0.89264,0.84808,0.75645,0.80324,0.5295,1.20644,0.58732,0.86844,0.0235931,0.00786438,0.0235931,0.00786438,0.0235931,0.00786438,0.0235931,0.00786438
248,53126.1,1.37354,0.69349,0.89771,0.84779,0.75714,0.8034,0.52969,1.20559,0.58658,0.86836,0.0235451,0.00784837,0.0235451,0.00784837,0.0235451,0.00784837,0.0235451,0.00784837
249,53345.2,1.36501,0.68457,0.89395,0.84826,0.75822,0.80366,0.53023,1.20434,0.58609,0.86814,0.0234969,0.00783231,0.0234969,0.00783231,0.0234969,0.00783231,0.0234969,0.00783231
250,53553.8,1.35944,0.67978,0.89354,0.85161,0.7575,0.8047,0.53088,1.20369,0.58523,0.86802,0.0234486,0.00781621,0.0234486,0.00781621,0.0234486,0.00781621,0.0234486,0.00781621
251,53757.8,1.36362,0.68589,0.89413,0.85122,0.75899,0.80549,0.53143,1.20231,0.58456,0.86783,0.0234002,0.00780007,0.0234002,0.00780007,0.0234002,0.00780007,0.0234002,0.00780007
252,53969.8,1.36499,0.68708,0.89418,0.85202,0.75887,0.80549,0.53178,1.20113,0.58418,0.86758,0.0233517,0.00778389,0.0233517,0.00778389,0.0233517,0.00778389,0.0233517,0.00778389
253,54190.9,1.36723,0.68277,0.89114,0.85463,0.75889,0.80607,0.53205,1.19991,0.58335,0.8674,0.023303,0.00776766,0.023303,0.00776766,0.023303,0.00776766,0.023303,0.00776766
254,54407,1.36113,0.682,0.89359,0.85681,0.75891,0.80621,0.5325,1.19901,0.58274,0.86723,0.0232542,0.0077514,0.0232542,0.0077514,0.0232542,0.0077514,0.0232542,0.0077514
255,54614.7,1.35762,0.67625,0.89294,0.85871,0.75858,0.80686,0.53344,1.19825,0.58178,0.86707,0.0232053,0.00773509,0.0232053,0.00773509,0.0232053,0.00773509,0.0232053,0.00773509
256,54817.6,1.36056,0.6805,0.88764,0.85815,0.75919,0.80749,0.53427,1.1976,0.58126,0.86685,0.0231562,0.00771873,0.0231562,0.00771873,0.0231562,0.00771873,0.0231562,0.00771873
257,55032.3,1.35934,0.67825,0.89076,0.86099,0.75923,0.80787,0.5342,1.1962,0.58049,0.86669,0.023107,0.00770234,0.023107,0.00770234,0.023107,0.00770234,0.023107,0.00770234
258,55254.3,1.36532,0.68453,0.89099,0.86057,0.75976,0.80856,0.53474,1.19503,0.5797,0.86646,0.0230577,0.00768591,0.0230577,0.00768591,0.0230577,0.00768591,0.0230577,0.00768591
259,55469.7,1.35653,0.67947,0.89171,0.85908,0.76027,0.80826,0.53486,1.19456,0.57884,0.8664,0.0230083,0.00766944,0.0230083,0.00766944,0.0230083,0.00766944,0.0230083,0.00766944
260,55675.4,1.34375,0.67455,0.8903,0.85896,0.76035,0.80786,0.53526,1.19352,0.57831,0.86619,0.0229588,0.00765292,0.0229588,0.00765292,0.0229588,0.00765292,0.0229588,0.00765292
261,55880.3,1.35253,0.67582,0.8894,0.8609,0.75957,0.80849,0.5349,1.19294,0.5771,0.86606,0.0229091,0.00763637,0.0229091,0.00763637,0.0229091,0.00763637,0.0229091,0.00763637
262,56096.5,1.35016,0.67604,0.89204,0.8585,0.76027,0.8088,0.53532,1.19202,0.57651,0.86584,0.0228593,0.00761977,0.0228593,0.00761977,0.0228593,0.00761977,0.0228593,0.00761977
263,56324.2,1.34201,0.67563,0.88871,0.85926,0.76141,0.80963,0.53606,1.19096,0.57583,0.86563,0.0228094,0.00760314,0.0228094,0.00760314,0.0228094,0.00760314,0.0228094,0.00760314
264,56538.2,1.34153,0.67235,0.88729,0.86041,0.7608,0.80991,0.53689,1.19007,0.57475,0.86566,0.0227594,0.00758647,0.0227594,0.00758647,0.0227594,0.00758647,0.0227594,0.00758647
265,56745.8,1.35086,0.67578,0.89106,0.85873,0.76201,0.81053,0.53656,1.18884,0.5739,0.8656,0.0227093,0.00756976,0.0227093,0.00756976,0.0227093,0.00756976,0.0227093,0.00756976
266,56951,1.34308,0.67078,0.8888,0.8578,0.76267,0.81079,0.53704,1.18782,0.5737,0.86544,0.022659,0.007553,0.022659,0.007553,0.022659,0.007553,0.022659,0.007553
267,57143.8,1.33929,0.6728,0.88775,0.86077,0.76248,0.81189,0.53803,1.18644,0.57318,0.86496,0.0226086,0.00753621,0.0226086,0.00753621,0.0226086,0.00753621,0.0226086,0.00753621
268,57327.7,1.34439,0.67279,0.88749,0.86013,0.76315,0.81234,0.53876,1.18554,0.57222,0.86474,0.0225582,0.00751939,0.0225582,0.00751939,0.0225582,0.00751939,0.0225582,0.00751939
269,57503.7,1.33713,0.66728,0.88914,0.86088,0.76388,0.81297,0.53989,1.18419,0.5713,0.86488,0.0225076,0.00750252,0.0225076,0.00750252,0.0225076,0.00750252,0.0225076,0.00750252
270,57675.3,1.3379,0.6712,0.88954,0.86103,0.76493,0.81464,0.54076,1.18289,0.5707,0.86463,0.0224568,0.00748562,0.0224568,0.00748562,0.0224568,0.00748562,0.0224568,0.00748562
271,57853.3,1.33702,0.67416,0.88765,0.86208,0.76495,0.81457,0.54115,1.18167,0.56983,0.86447,0.022406,0.00746868,0.022406,0.00746868,0.022406,0.00746868,0.022406,0.00746868
272,58037.1,1.33765,0.67002,0.88968,0.86263,0.76588,0.81556,0.5418,1.18021,0.56904,0.86409,0.0223551,0.0074517,0.0223551,0.0074517,0.0223551,0.0074517,0.0223551,0.0074517
273,58223.3,1.3408,0.67029,0.88917,0.86268,0.76682,0.81567,0.54219,1.17875,0.56859,0.86387,0.022304,0.00743468,0.022304,0.00743468,0.022304,0.00743468,0.022304,0.00743468
274,58400,1.33563,0.6705,0.88595,0.86182,0.76651,0.81527,0.54241,1.17794,0.56823,0.86368,0.0222529,0.00741763,0.0222529,0.00741763,0.0222529,0.00741763,0.0222529,0.00741763
275,58568.3,1.33876,0.66694,0.88801,0.86169,0.76615,0.81479,0.5432,1.17695,0.56747,0.86344,0.0222016,0.00740054,0.0222016,0.00740054,0.0222016,0.00740054,0.0222016,0.00740054
276,58745,1.32925,0.66501,0.88676,0.86063,0.76659,0.81471,0.54304,1.17567,0.56682,0.86325,0.0221502,0.00738341,0.0221502,0.00738341,0.0221502,0.00738341,0.0221502,0.00738341
277,58931.3,1.32898,0.66836,0.88516,0.86392,0.76759,0.81684,0.54383,1.17488,0.56637,0.86322,0.0220988,0.00736625,0.0220988,0.00736625,0.0220988,0.00736625,0.0220988,0.00736625
278,59116.7,1.33871,0.66703,0.88594,0.86513,0.76807,0.81728,0.54436,1.17371,0.56564,0.86308,0.0220472,0.00734906,0.0220472,0.00734906,0.0220472,0.00734906,0.0220472,0.00734906
279,59292.5,1.33403,0.66576,0.88722,0.86572,0.76744,0.81759,0.54459,1.17325,0.56478,0.86289,0.0219955,0.00733182,0.0219955,0.00733182,0.0219955,0.00733182,0.0219955,0.00733182
280,59461.4,1.32947,0.6618,0.8858,0.8655,0.76858,0.81806,0.54534,1.1724,0.56471,0.86274,0.0219437,0.00731456,0.0219437,0.00731456,0.0219437,0.00731456,0.0219437,0.00731456
281,59642.8,1.32827,0.66039,0.88512,0.86751,0.7692,0.81889,0.54583,1.17095,0.56389,0.86263,0.0218918,0.00729725,0.0218918,0.00729725,0.0218918,0.00729725,0.0218918,0.00729725
282,59829.5,1.31892,0.65907,0.88523,0.86745,0.77012,0.81973,0.54674,1.16963,0.56283,0.86239,0.0218397,0.00727992,0.0218397,0.00727992,0.0218397,0.00727992,0.0218397,0.00727992
283,60008.7,1.32148,0.66437,0.88381,0.8666,0.77085,0.81932,0.54686,1.16864,0.56263,0.86224,0.0217876,0.00726254,0.0217876,0.00726254,0.0217876,0.00726254,0.0217876,0.00726254
284,60181.3,1.324,0.66179,0.8858,0.86808,0.7704,0.81955,0.54723,1.16756,0.56226,0.86221,0.0217354,0.00724514,0.0217354,0.00724514,0.0217354,0.00724514,0.0217354,0.00724514
285,60350.8,1.32289,0.65686,0.88795,0.86731,0.77247,0.82016,0.54772,1.16698,0.56193,0.86204,0.0216831,0.0072277,0.0216831,0.0072277,0.0216831,0.0072277,0.0216831,0.0072277
286,60528.3,1.32259,0.66291,0.88618,0.86784,0.77342,0.82089,0.54908,1.16571,0.56143,0.86187,0.0216307,0.00721023,0.0216307,0.00721023,0.0216307,0.00721023,0.0216307,0.00721023
287,60714.4,1.31609,0.65521,0.88153,0.86874,0.77393,0.82173,0.54938,1.16453,0.56066,0.86171,0.0215782,0.00719272,0.0215782,0.00719272,0.0215782,0.00719272,0.0215782,0.00719272
288,60889.2,1.33153,0.66323,0.88453,0.8676,0.77402,0.82158,0.54936,1.16355,0.56011,0.86162,0.0215255,0.00717518,0.0215255,0.00717518,0.0215255,0.00717518,0.0215255,0.00717518
289,61057.8,1.32192,0.6584,0.88495,0.86289,0.77629,0.82183,0.54959,1.16277,0.55961,0.86143,0.0214728,0.00715761,0.0214728,0.00715761,0.0214728,0.00715761,0.0214728,0.00715761
290,61238.5,1.3228,0.66027,0.88075,0.86533,0.77757,0.82275,0.54972,1.16213,0.55911,0.86122,0.02142,0.00714,0.02142,0.00714,0.02142,0.00714,0.02142,0.00714
291,61426.6,1.31644,0.65434,0.88123,0.86528,0.77711,0.82322,0.55025,1.16101,0.55867,0.86107,0.0213671,0.00712237,0.0213671,0.00712237,0.0213671,0.00712237,0.0213671,0.00712237
292,61603.9,1.31376,0.65368,0.8837,0.86611,0.77715,0.82337,0.55049,1.16057,0.5585,0.8609,0.0213141,0.0071047,0.0213141,0.0071047,0.0213141,0.0071047,0.0213141,0.0071047
293,61779.3,1.31329,0.65541,0.88017,0.86593,0.77679,0.82346,0.55088,1.16047,0.55818,0.86084,0.021261,0.007087,0.021261,0.007087,0.021261,0.007087,0.021261,0.007087
294,61953.8,1.30833,0.65166,0.87899,0.8675,0.77783,0.82423,0.55139,1.16,0.55774,0.8608,0.0212078,0.00706926,0.0212078,0.00706926,0.0212078,0.00706926,0.0212078,0.00706926
295,62139,1.31245,0.65128,0.88145,0.86595,0.77856,0.82438,0.5515,1.15962,0.55729,0.86074,0.0211545,0.0070515,0.0211545,0.0070515,0.0211545,0.0070515,0.0211545,0.0070515
296,62324.4,1.31668,0.65513,0.88354,0.8672,0.779,0.82497,0.55179,1.15833,0.55702,0.86059,0.0211011,0.00703371,0.0211011,0.00703371,0.0211011,0.00703371,0.0211011,0.00703371
297,62501.2,1.31552,0.65468,0.88439,0.86619,0.77926,0.82486,0.55179,1.15704,0.55652,0.8604,0.0210476,0.00701588,0.0210476,0.00701588,0.0210476,0.00701588,0.0210476,0.00701588
298,62672.8,1.30542,0.64755,0.88171,0.86675,0.78035,0.82558,0.55203,1.15602,0.55622,0.86044,0.0209941,0.00699803,0.0209941,0.00699803,0.0209941,0.00699803,0.0209941,0.00699803
299,62852.8,1.30434,0.65371,0.8797,0.86769,0.78069,0.82592,0.55262,1.15515,0.55559,0.86041,0.0209404,0.00698014,0.0209404,0.00698014,0.0209404,0.00698014,0.0209404,0.00698014
300,63039.2,1.30346,0.64674,0.87934,0.86809,0.78076,0.82587,0.55326,1.15384,0.55491,0.86018,0.0208867,0.00696223,0.0208867,0.00696223,0.0208867,0.00696223,0.0208867,0.00696223
301,63223.4,1.30734,0.6511,0.8791,0.86705,0.78077,0.82578,0.55315,1.15316,0.55462,0.86014,0.0208328,0.00694428,0.0208328,0.00694428,0.0208328,0.00694428,0.0208328,0.00694428
302,63388.8,1.3083,0.65026,0.8804,0.86835,0.7814,0.82664,0.55357,1.15225,0.55401,0.86001,0.0207789,0.00692631,0.0207789,0.00692631,0.0207789,0.00692631,0.0207789,0.00692631
303,63565.8,1.2989,0.64664,0.88118,0.86816,0.78297,0.82758,0.55381,1.1513,0.5533,0.85978,0.0207249,0.00690831,0.0207249,0.00690831,0.0207249,0.00690831,0.0207249,0.00690831
304,63756.4,1.30202,0.64858,0.88047,0.86685,0.78291,0.82792,0.55438,1.15024,0.55323,0.85959,0.0206708,0.00689028,0.0206708,0.00689028,0.0206708,0.00689028,0.0206708,0.00689028
305,63965.4,1.30595,0.64996,0.88004,0.86922,0.78348,0.82881,0.55495,1.14901,0.5527,0.85944,0.0206166,0.00687222,0.0206166,0.00687222,0.0206166,0.00687222,0.0206166,0.00687222
306,64137.2,1.29396,0.64231,0.87727,0.86813,0.78341,0.82869,0.55462,1.1487,0.55225,0.85933,0.0205624,0.00685413,0.0205624,0.00685413,0.0205624,0.00685413,0.0205624,0.00685413
307,64306.9,1.30109,0.64575,0.87984,0.86701,0.78393,0.82908,0.55514,1.1488,0.55217,0.85929,0.020508,0.00683601,0.020508,0.00683601,0.020508,0.00683601,0.020508,0.00683601
308,64484.1,1.3003,0.64821,0.87868,0.86716,0.78414,0.82879,0.5552,1.14806,0.55174,0.85919,0.0204536,0.00681787,0.0204536,0.00681787,0.0204536,0.00681787,0.0204536,0.00681787
309,64669,1.28939,0.6381,0.8764,0.86692,0.78483,0.82956,0.55566,1.14729,0.55088,0.85908,0.0203991,0.0067997,0.0203991,0.0067997,0.0203991,0.0067997,0.0203991,0.0067997
310,64848.8,1.29362,0.64318,0.87989,0.86694,0.78396,0.82963,0.55605,1.14598,0.55048,0.85886,0.0203445,0.0067815,0.0203445,0.0067815,0.0203445,0.0067815,0.0203445,0.0067815
311,65026.5,1.29151,0.64148,0.8787,0.86681,0.78383,0.82995,0.55632,1.14532,0.55003,0.85871,0.0202898,0.00676328,0.0202898,0.00676328,0.0202898,0.00676328,0.0202898,0.00676328
312,65212.7,1.29235,0.63871,0.87792,0.86579,0.78579,0.83083,0.55663,1.14551,0.55005,0.8587,0.0202351,0.00674503,0.0202351,0.00674503,0.0202351,0.00674503,0.0202351,0.00674503
313,65407.5,1.28826,0.63429,0.87538,0.86696,0.78579,0.83133,0.55682,1.14528,0.54971,0.8586,0.0201803,0.00672675,0.0201803,0.00672675,0.0201803,0.00672675,0.0201803,0.00672675
314,65594.5,1.28177,0.63402,0.87719,0.86548,0.7862,0.83132,0.55688,1.14447,0.54925,0.85844,0.0201254,0.00670845,0.0201254,0.00670845,0.0201254,0.00670845,0.0201254,0.00670845
315,65780.7,1.28134,0.63431,0.8743,0.86775,0.78583,0.83224,0.55745,1.14341,0.54881,0.85825,0.0200704,0.00669012,0.0200704,0.00669012,0.0200704,0.00669012,0.0200704,0.00669012
316,65959.3,1.28966,0.63868,0.87848,0.86754,0.78636,0.83254,0.55772,1.14314,0.54882,0.85823,0.0200153,0.00667177,0.0200153,0.00667177,0.0200153,0.00667177,0.0200153,0.00667177
317,66146.5,1.28856,0.63873,0.87568,0.86834,0.78684,0.83298,0.55816,1.14234,0.54812,0.85813,0.0199602,0.00665339,0.0199602,0.00665339,0.0199602,0.00665339,0.0199602,0.00665339
318,66359.2,1.28749,0.63702,0.87579,0.87106,0.78581,0.83304,0.5582,1.14149,0.54787,0.85787,0.019905,0.00663499,0.019905,0.00663499,0.019905,0.00663499,0.019905,0.00663499
319,66564.8,1.28806,0.63677,0.87675,0.86965,0.78563,0.83325,0.55841,1.14105,0.54718,0.85783,0.0198497,0.00661656,0.0198497,0.00661656,0.0198497,0.00661656,0.0198497,0.00661656
320,66752.9,1.28213,0.63081,0.87485,0.87319,0.78613,0.83519,0.55937,1.14018,0.54639,0.85769,0.0197943,0.00659811,0.0197943,0.00659811,0.0197943,0.00659811,0.0197943,0.00659811
321,66939.1,1.28525,0.63328,0.87699,0.86917,0.78912,0.83626,0.55996,1.13917,0.54562,0.85759,0.0197389,0.00657963,0.0197389,0.00657963,0.0197389,0.00657963,0.0197389,0.00657963
322,67130,1.28318,0.63309,0.87487,0.86776,0.78881,0.83553,0.5596,1.13839,0.54507,0.85738,0.0196834,0.00656114,0.0196834,0.00656114,0.0196834,0.00656114,0.0196834,0.00656114
323,67330.2,1.28021,0.63323,0.87533,0.86959,0.78852,0.83634,0.5601,1.13794,0.54478,0.85729,0.0196278,0.00654261,0.0196278,0.00654261,0.0196278,0.00654261,0.0196278,0.00654261
324,67522.2,1.28137,0.63321,0.87345,0.86883,0.78856,0.83652,0.56031,1.13749,0.54439,0.85725,0.0195722,0.00652407,0.0195722,0.00652407,0.0195722,0.00652407,0.0195722,0.00652407
325,67706.5,1.27346,0.6293,0.87615,0.86994,0.78873,0.83698,0.56116,1.13658,0.54385,0.85711,0.0195165,0.0065055,0.0195165,0.0065055,0.0195165,0.0065055,0.0195165,0.0065055
326,67890.5,1.27405,0.63194,0.87428,0.86836,0.79016,0.83724,0.56095,1.13577,0.54362,0.85692,0.0194607,0.00648691,0.0194607,0.00648691,0.0194607,0.00648691,0.0194607,0.00648691
327,68084.3,1.27189,0.62933,0.87285,0.8686,0.79162,0.83884,0.56174,1.13508,0.54318,0.85686,0.0194049,0.0064683,0.0194049,0.0064683,0.0194049,0.0064683,0.0194049,0.0064683
328,68279.2,1.2679,0.62855,0.87343,0.8664,0.79198,0.83856,0.56218,1.13381,0.54219,0.8567,0.019349,0.00644966,0.019349,0.00644966,0.019349,0.00644966,0.019349,0.00644966
329,68468.2,1.26912,0.63028,0.87545,0.86684,0.79234,0.83866,0.56277,1.13229,0.54147,0.85653,0.019293,0.00643101,0.019293,0.00643101,0.019293,0.00643101,0.019293,0.00643101
330,68652,1.27305,0.62698,0.87285,0.86751,0.79234,0.83911,0.56303,1.1314,0.54129,0.85636,0.019237,0.00641233,0.019237,0.00641233,0.019237,0.00641233,0.019237,0.00641233
331,68829.8,1.2664,0.62863,0.87341,0.86971,0.79241,0.84044,0.56351,1.13094,0.54083,0.85622,0.0191809,0.00639363,0.0191809,0.00639363,0.0191809,0.00639363,0.0191809,0.00639363
332,69021.9,1.27747,0.62601,0.87227,0.87048,0.79378,0.84112,0.56395,1.13091,0.54039,0.85617,0.0191247,0.00637491,0.0191247,0.00637491,0.0191247,0.00637491,0.0191247,0.00637491
333,69237.5,1.26863,0.62406,0.87287,0.8709,0.79238,0.84087,0.56446,1.13066,0.53989,0.85611,0.0190685,0.00635617,0.0190685,0.00635617,0.0190685,0.00635617,0.0190685,0.00635617
334,69435.1,1.2604,0.62113,0.87249,0.87087,0.79285,0.84147,0.56457,1.13061,0.53969,0.85606,0.0190122,0.00633741,0.0190122,0.00633741,0.0190122,0.00633741,0.0190122,0.00633741
335,69621.4,1.25819,0.61797,0.87109,0.87072,0.79245,0.84093,0.56486,1.12981,0.53925,0.85595,0.0189559,0.00631863,0.0189559,0.00631863,0.0189559,0.00631863,0.0189559,0.00631863
336,69808.4,1.26156,0.6205,0.87002,0.86818,0.79543,0.84145,0.56544,1.12939,0.5385,0.85586,0.0188995,0.00629983,0.0188995,0.00629983,0.0188995,0.00629983,0.0188995,0.00629983
337,70000.5,1.25749,0.61839,0.87156,0.86956,0.79473,0.84181,0.56572,1.12868,0.53809,0.85574,0.018843,0.00628101,0.018843,0.00628101,0.018843,0.00628101,0.018843,0.00628101
338,70197.4,1.2645,0.62282,0.87067,0.87061,0.79431,0.84225,0.56622,1.12821,0.53759,0.85562,0.0187865,0.00626218,0.0187865,0.00626218,0.0187865,0.00626218,0.0187865,0.00626218
339,70383,1.25516,0.61889,0.87099,0.86934,0.794,0.84194,0.56636,1.12753,0.53678,0.85541,0.01873,0.00624332,0.01873,0.00624332,0.01873,0.00624332,0.01873,0.00624332
340,70561.3,1.25541,0.61751,0.87184,0.87008,0.79469,0.84331,0.56648,1.12661,0.53594,0.85538,0.0186733,0.00622445,0.0186733,0.00622445,0.0186733,0.00622445,0.0186733,0.00622445
341,70742.2,1.25296,0.61794,0.86865,0.87058,0.7966,0.84419,0.56646,1.12611,0.5353,0.8554,0.0186167,0.00620555,0.0186167,0.00620555,0.0186167,0.00620555,0.0186167,0.00620555
342,70945.8,1.26345,0.62424,0.86972,0.87084,0.79684,0.8443,0.56707,1.12552,0.53504,0.85527,0.0185599,0.00618664,0.0185599,0.00618664,0.0185599,0.00618664,0.0185599,0.00618664
343,71138.6,1.24936,0.61786,0.87063,0.87159,0.79664,0.84435,0.56747,1.12546,0.53472,0.85514,0.0185031,0.00616772,0.0185031,0.00616772,0.0185031,0.00616772,0.0185031,0.00616772
344,71322.7,1.25192,0.61608,0.87316,0.87023,0.79813,0.84466,0.56795,1.12409,0.53401,0.85502,0.0184463,0.00614877,0.0184463,0.00614877,0.0184463,0.00614877,0.0184463,0.00614877
345,71500.1,1.24875,0.61692,0.87085,0.87,0.79867,0.8448,0.56805,1.12308,0.53361,0.85482,0.0183894,0.00612981,0.0183894,0.00612981,0.0183894,0.00612981,0.0183894,0.00612981
346,71688.1,1.24863,0.61827,0.86913,0.87117,0.79942,0.84524,0.56876,1.12179,0.53305,0.85464,0.0183325,0.00611083,0.0183325,0.00611083,0.0183325,0.00611083,0.0183325,0.00611083
347,71880.5,1.24715,0.61261,0.86918,0.87206,0.79907,0.84579,0.56942,1.12209,0.53282,0.85463,0.0182755,0.00609184,0.0182755,0.00609184,0.0182755,0.00609184,0.0182755,0.00609184
348,72077.4,1.24733,0.61408,0.8677,0.87232,0.79939,0.84557,0.57015,1.12185,0.53275,0.85449,0.0182185,0.00607282,0.0182185,0.00607282,0.0182185,0.00607282,0.0182185,0.00607282
349,72259.4,1.24539,0.61589,0.86813,0.87351,0.80067,0.84599,0.57055,1.12094,0.53197,0.85436,0.0181614,0.0060538,0.0181614,0.0060538,0.0181614,0.0060538,0.0181614,0.0060538
350,72438.9,1.24102,0.60926,0.86858,0.87358,0.79953,0.84589,0.57072,1.12004,0.53098,0.85422,0.0181043,0.00603475,0.0181043,0.00603475,0.0181043,0.00603475,0.0181043,0.00603475
351,72626.2,1.2476,0.61574,0.8701,0.87545,0.80008,0.84648,0.57044,1.11999,0.53103,0.85413,0.0180471,0.0060157,0.0180471,0.0060157,0.0180471,0.0060157,0.0180471,0.0060157
352,72823.8,1.24416,0.61377,0.86786,0.87486,0.80052,0.8469,0.57085,1.11908,0.53062,0.85393,0.0179899,0.00599662,0.0179899,0.00599662,0.0179899,0.00599662,0.0179899,0.00599662
353,73016.5,1.24367,0.60937,0.86831,0.87497,0.79986,0.84616,0.57126,1.11861,0.53044,0.85381,0.0179326,0.00597754,0.0179326,0.00597754,0.0179326,0.00597754,0.0179326,0.00597754
354,73200.7,1.24164,0.61247,0.86698,0.87554,0.8013,0.84719,0.57171,1.11783,0.53004,0.85362,0.0178753,0.00595844,0.0178753,0.00595844,0.0178753,0.00595844,0.0178753,0.00595844
355,73438.2,1.24113,0.6084,0.86835,0.87493,0.80181,0.84757,0.57197,1.11779,0.5297,0.85356,0.017818,0.00593932,0.017818,0.00593932,0.017818,0.00593932,0.017818,0.00593932
356,73626.9,1.23552,0.6101,0.86652,0.87504,0.80213,0.84816,0.57176,1.1171,0.52921,0.85344,0.0177606,0.00592019,0.0177606,0.00592019,0.0177606,0.00592019,0.0177606,0.00592019
357,73833.4,1.23461,0.603,0.86762,0.87676,0.80175,0.8484,0.57202,1.11688,0.52889,0.85319,0.0177031,0.00590105,0.0177031,0.00590105,0.0177031,0.00590105,0.0177031,0.00590105
358,74033.4,1.23607,0.60689,0.86938,0.87576,0.80265,0.84892,0.57246,1.11672,0.52861,0.85316,0.0176457,0.00588189,0.0176457,0.00588189,0.0176457,0.00588189,0.0176457,0.00588189
359,74227.8,1.23956,0.60812,0.86793,0.87636,0.80273,0.84886,0.57233,1.11659,0.52853,0.8531,0.0175882,0.00586272,0.0175882,0.00586272,0.0175882,0.00586272,0.0175882,0.00586272
360,74434.1,1.23488,0.60564,0.86665,0.87877,0.80216,0.84921,0.57304,1.11631,0.52812,0.85303,0.0175306,0.00584354,0.0175306,0.00584354,0.0175306,0.00584354,0.0175306,0.00584354
361,74641.5,1.23042,0.60698,0.86806,0.87796,0.80203,0.84914,0.57284,1.11654,0.52799,0.85296,0.0174731,0.00582435,0.0174731,0.00582435,0.0174731,0.00582435,0.0174731,0.00582435
362,74841.7,1.23154,0.60601,0.86583,0.87675,0.80343,0.84983,0.57285,1.11597,0.5271,0.85281,0.0174154,0.00580515,0.0174154,0.00580515,0.0174154,0.00580515,0.0174154,0.00580515
363,75035.6,1.23215,0.60658,0.86567,0.87808,0.80362,0.85077,0.5737,1.11554,0.52664,0.85279,0.0173578,0.00578593,0.0173578,0.00578593,0.0173578,0.00578593,0.0173578,0.00578593
364,75240.3,1.23034,0.60472,0.86696,0.87891,0.80333,0.85084,0.57384,1.11442,0.52598,0.85274,0.0173001,0.0057667,0.0173001,0.0057667,0.0173001,0.0057667,0.0173001,0.0057667
365,75450.4,1.23147,0.60522,0.86415,0.88076,0.80401,0.85153,0.57397,1.1135,0.52568,0.85257,0.0172424,0.00574746,0.0172424,0.00574746,0.0172424,0.00574746,0.0172424,0.00574746
366,75649.5,1.22464,0.59998,0.86376,0.88165,0.80385,0.85114,0.57455,1.11343,0.52509,0.85249,0.0171846,0.00572821,0.0171846,0.00572821,0.0171846,0.00572821,0.0171846,0.00572821
367,75840.8,1.22283,0.60074,0.86244,0.88186,0.80465,0.85152,0.5749,1.11302,0.52479,0.85236,0.0171269,0.00570895,0.0171269,0.00570895,0.0171269,0.00570895,0.0171269,0.00570895
368,76026.1,1.22373,0.60285,0.86635,0.88172,0.8046,0.85105,0.57517,1.11256,0.52448,0.8525,0.017069,0.00568968,0.017069,0.00568968,0.017069,0.00568968,0.017069,0.00568968
369,76220.1,1.22109,0.60068,0.86642,0.88147,0.80458,0.85214,0.57548,1.11303,0.52439,0.85247,0.0170112,0.0056704,0.0170112,0.0056704,0.0170112,0.0056704,0.0170112,0.0056704
370,76399.5,1.21731,0.59692,0.86177,0.88196,0.80484,0.85255,0.57587,1.11266,0.52413,0.85242,0.0169533,0.00565111,0.0169533,0.00565111,0.0169533,0.00565111,0.0169533,0.00565111
371,76576.1,1.2216,0.60195,0.86331,0.88122,0.80535,0.85265,0.57603,1.11176,0.52362,0.85233,0.0168954,0.00563181,0.0168954,0.00563181,0.0168954,0.00563181,0.0168954,0.00563181
372,76757.2,1.22011,0.59813,0.86244,0.88283,0.80544,0.85294,0.57681,1.112,0.52317,0.85235,0.0168375,0.0056125,0.0168375,0.0056125,0.0168375,0.0056125,0.0168375,0.0056125
373,76945.7,1.22254,0.59722,0.86537,0.88069,0.80571,0.85249,0.57642,1.11175,0.52285,0.85228,0.0167796,0.00559318,0.0167796,0.00559318,0.0167796,0.00559318,0.0167796,0.00559318
374,77136.6,1.21989,0.59465,0.86393,0.88293,0.8061,0.85349,0.57689,1.11126,0.52293,0.85217,0.0167216,0.00557386,0.0167216,0.00557386,0.0167216,0.00557386,0.0167216,0.00557386
375,77311.6,1.21175,0.59456,0.86346,0.88142,0.80678,0.85381,0.57725,1.11055,0.52263,0.85198,0.0166636,0.00555453,0.0166636,0.00555453,0.0166636,0.00555453,0.0166636,0.00555453
376,77488.6,1.21001,0.59267,0.86344,0.88061,0.80762,0.85413,0.5773,1.11022,0.5227,0.85192,0.0166056,0.00553518,0.0166056,0.00553518,0.0166056,0.00553518,0.0166056,0.00553518
377,77675.1,1.21347,0.59566,0.86122,0.88528,0.80491,0.85396,0.577,1.11115,0.52282,0.85184,0.0165475,0.00551584,0.0165475,0.00551584,0.0165475,0.00551584,0.0165475,0.00551584
378,77865.1,1.21225,0.59032,0.86322,0.8846,0.80435,0.85388,0.57692,1.1117,0.52232,0.85187,0.0164894,0.00549648,0.0164894,0.00549648,0.0164894,0.00549648,0.0164894,0.00549648
379,78048.3,1.20485,0.59032,0.86279,0.88246,0.80726,0.85529,0.57742,1.11185,0.5225,0.85189,0.0164314,0.00547712,0.0164314,0.00547712,0.0164314,0.00547712,0.0164314,0.00547712
380,78224.2,1.20548,0.58831,0.85955,0.88185,0.80813,0.85526,0.57781,1.11223,0.52227,0.85181,0.0163732,0.00545775,0.0163732,0.00545775,0.0163732,0.00545775,0.0163732,0.00545775
381,78409.5,1.20885,0.59185,0.85998,0.88241,0.80811,0.85577,0.57781,1.11143,0.52212,0.85164,0.0163151,0.00543837,0.0163151,0.00543837,0.0163151,0.00543837,0.0163151,0.00543837
382,78603.9,1.20698,0.59292,0.86055,0.8822,0.80775,0.85552,0.57792,1.11105,0.52161,0.8516,0.016257,0.00541899,0.016257,0.00541899,0.016257,0.00541899,0.016257,0.00541899
383,78794.8,1.20691,0.59161,0.85922,0.88385,0.80678,0.85543,0.57793,1.11034,0.5209,0.85155,0.0161988,0.0053996,0.0161988,0.0053996,0.0161988,0.0053996,0.0161988,0.0053996
384,78971,1.21112,0.5919,0.85997,0.88562,0.80672,0.85595,0.57827,1.10916,0.52031,0.85141,0.0161406,0.00538021,0.0161406,0.00538021,0.0161406,0.00538021,0.0161406,0.00538021
385,79143.9,1.2067,0.58655,0.8615,0.88588,0.80688,0.8565,0.57857,1.10802,0.51978,0.85132,0.0160824,0.00536081,0.0160824,0.00536081,0.0160824,0.00536081,0.0160824,0.00536081
386,79332.2,1.19374,0.584,0.85753,0.88696,0.80683,0.85672,0.57861,1.10779,0.5196,0.85123,0.0160242,0.00534141,0.0160242,0.00534141,0.0160242,0.00534141,0.0160242,0.00534141
387,79523.4,1.1992,0.5906,0.85913,0.88597,0.80692,0.85694,0.57829,1.10802,0.51956,0.85117,0.015966,0.005322,0.015966,0.005322,0.015966,0.005322,0.015966,0.005322
388,79703.4,1.1938,0.58538,0.85775,0.88652,0.80683,0.85704,0.57808,1.10876,0.51949,0.85121,0.0159078,0.00530259,0.0159078,0.00530259,0.0159078,0.00530259,0.0159078,0.00530259
389,79875.3,1.19515,0.58356,0.85966,0.88996,0.80523,0.85723,0.57842,1.10928,0.51935,0.85113,0.0158495,0.00528318,0.0158495,0.00528318,0.0158495,0.00528318,0.0158495,0.00528318
390,80057,1.20685,0.58765,0.86096,0.88746,0.8071,0.85758,0.57876,1.1095,0.51904,0.85104,0.0157913,0.00526376,0.0157913,0.00526376,0.0157913,0.00526376,0.0157913,0.00526376
391,80248.6,1.20053,0.58613,0.85812,0.88755,0.80737,0.85808,0.57889,1.10924,0.51898,0.85102,0.015733,0.00524434,0.015733,0.00524434,0.015733,0.00524434,0.015733,0.00524434
392,80434.9,1.19583,0.57986,0.85839,0.88814,0.80836,0.85926,0.57934,1.10773,0.51855,0.8508,0.0156747,0.00522491,0.0156747,0.00522491,0.0156747,0.00522491,0.0156747,0.00522491
393,80610.7,1.1957,0.58409,0.85713,0.88698,0.80871,0.85872,0.57969,1.10756,0.51841,0.85072,0.0156164,0.00520548,0.0156164,0.00520548,0.0156164,0.00520548,0.0156164,0.00520548
394,80784.7,1.19719,0.58363,0.86018,0.88782,0.80896,0.85899,0.58028,1.10702,0.51812,0.85064,0.0155582,0.00518605,0.0155582,0.00518605,0.0155582,0.00518605,0.0155582,0.00518605
395,80969.9,1.1931,0.58503,0.85806,0.88735,0.80909,0.85905,0.58048,1.1073,0.51779,0.85065,0.0154999,0.00516662,0.0154999,0.00516662,0.0154999,0.00516662,0.0154999,0.00516662
396,81162.9,1.18352,0.57987,0.85812,0.88937,0.80983,0.86018,0.58063,1.10651,0.51733,0.85054,0.0154416,0.00514719,0.0154416,0.00514719,0.0154416,0.00514719,0.0154416,0.00514719
397,81341.7,1.18459,0.58023,0.85817,0.89161,0.80984,0.86086,0.58139,1.10595,0.51716,0.8504,0.0153833,0.00512775,0.0153833,0.00512775,0.0153833,0.00512775,0.0153833,0.00512775
398,81512.4,1.18952,0.58251,0.85951,0.8915,0.81027,0.86046,0.58168,1.1048,0.51697,0.85022,0.0153249,0.00510831,0.0153249,0.00510831,0.0153249,0.00510831,0.0153249,0.00510831
399,81696.9,1.17438,0.57219,0.85589,0.89144,0.80922,0.86042,0.58215,1.10491,0.51672,0.85018,0.0152666,0.00508888,0.0152666,0.00508888,0.0152666,0.00508888,0.0152666,0.00508888
400,81887.2,1.19024,0.58042,0.85678,0.8912,0.80835,0.85991,0.58174,1.10549,0.51625,0.85014,0.0152083,0.00506944,0.0152083,0.00506944,0.0152083,0.00506944,0.0152083,0.00506944
401,82074.5,1.1765,0.57627,0.85952,0.89084,0.80925,0.86009,0.58208,1.10331,0.51536,0.84999,0.01515,0.00505,0.01515,0.00505,0.01515,0.00505,0.01515,0.00505
402,82251.8,1.17856,0.57741,0.85709,0.8904,0.80999,0.8598,0.58186,1.10264,0.51454,0.84996,0.0150917,0.00503056,0.0150917,0.00503056,0.0150917,0.00503056,0.0150917,0.00503056
403,82425.2,1.17817,0.5716,0.85809,0.8907,0.80859,0.85984,0.58194,1.10185,0.51405,0.84988,0.0150334,0.00501112,0.0150334,0.00501112,0.0150334,0.00501112,0.0150334,0.00501112
404,82614.8,1.1809,0.57352,0.85787,0.89099,0.80946,0.86084,0.58233,1.10112,0.51306,0.84974,0.0149751,0.00499169,0.0149751,0.00499169,0.0149751,0.00499169,0.0149751,0.00499169
405,82809.1,1.18129,0.57542,0.85455,0.89179,0.80954,0.86147,0.5828,1.10053,0.51253,0.84967,0.0149167,0.00497225,0.0149167,0.00497225,0.0149167,0.00497225,0.0149167,0.00497225
406,82994.4,1.174,0.57185,0.85645,0.89297,0.80919,0.86125,0.58308,1.10037,0.51238,0.84963,0.0148584,0.00495281,0.0148584,0.00495281,0.0148584,0.00495281,0.0148584,0.00495281
407,83171.1,1.17649,0.57447,0.85588,0.89483,0.80896,0.86136,0.58364,1.09995,0.51183,0.84957,0.0148001,0.00493338,0.0148001,0.00493338,0.0148001,0.00493338,0.0148001,0.00493338
408,83348.4,1.17702,0.57251,0.8546,0.89587,0.80919,0.8613,0.58373,1.09969,0.51176,0.84947,0.0147418,0.00491395,0.0147418,0.00491395,0.0147418,0.00491395,0.0147418,0.00491395
409,83540.4,1.17459,0.57231,0.85642,0.8965,0.80958,0.86176,0.58415,1.09834,0.51092,0.84937,0.0146836,0.00489452,0.0146836,0.00489452,0.0146836,0.00489452,0.0146836,0.00489452
410,83735,1.17522,0.57022,0.85541,0.89783,0.81026,0.86265,0.58465,1.0977,0.51024,0.84918,0.0146253,0.00487509,0.0146253,0.00487509,0.0146253,0.00487509,0.0146253,0.00487509
411,83922.9,1.17364,0.57047,0.85492,0.8976,0.8109,0.86326,0.58525,1.09697,0.50976,0.84918,0.014567,0.00485566,0.014567,0.00485566,0.014567,0.00485566,0.014567,0.00485566
412,84099.2,1.17035,0.56905,0.85576,0.89982,0.81112,0.86368,0.58549,1.09604,0.5092,0.84913,0.0145087,0.00483624,0.0145087,0.00483624,0.0145087,0.00483624,0.0145087,0.00483624
413,84283.6,1.17286,0.57324,0.85536,0.89928,0.81079,0.864,0.58593,1.09528,0.50925,0.84901,0.0144505,0.00481682,0.0144505,0.00481682,0.0144505,0.00481682,0.0144505,0.00481682
414,84472.1,1.16191,0.56448,0.85245,0.89968,0.81152,0.86399,0.58561,1.09574,0.50912,0.84891,0.0143922,0.00479741,0.0143922,0.00479741,0.0143922,0.00479741,0.0143922,0.00479741
415,84662.9,1.16177,0.56735,0.85212,0.90035,0.81059,0.86381,0.58572,1.09536,0.50895,0.8488,0.014334,0.004778,0.014334,0.004778,0.014334,0.004778,0.014334,0.004778
416,84846.1,1.16338,0.56672,0.85496,0.90217,0.8107,0.86476,0.58569,1.09488,0.50867,0.84874,0.0142758,0.00475859,0.0142758,0.00475859,0.0142758,0.00475859,0.0142758,0.00475859
417,85018.3,1.15749,0.56381,0.8555,0.90337,0.81101,0.86529,0.58629,1.09512,0.50806,0.84874,0.0142176,0.00473919,0.0142176,0.00473919,0.0142176,0.00473919,0.0142176,0.00473919
418,85202.6,1.15361,0.56249,0.8523,0.89883,0.81094,0.86492,0.58633,1.09459,0.5079,0.84862,0.0141594,0.00471979,0.0141594,0.00471979,0.0141594,0.00471979,0.0141594,0.00471979
419,85393.3,1.1575,0.56229,0.85152,0.89935,0.81204,0.86575,0.58594,1.09615,0.50822,0.8488,0.0141012,0.0047004,0.0141012,0.0047004,0.0141012,0.0047004,0.0141012,0.0047004
420,85578.7,1.15465,0.56065,0.85235,0.90024,0.81142,0.86502,0.5857,1.09629,0.5075,0.84884,0.014043,0.00468101,0.014043,0.00468101,0.014043,0.00468101,0.014043,0.00468101
421,85758.7,1.16299,0.56655,0.85407,0.89888,0.81185,0.86523,0.58594,1.09605,0.50716,0.8487,0.0139849,0.00466163,0.0139849,0.00466163,0.0139849,0.00466163,0.0139849,0.00466163
422,85931.2,1.15313,0.56448,0.85184,0.89986,0.81258,0.86596,0.58609,1.09466,0.50659,0.84864,0.0139268,0.00464225,0.0139268,0.00464225,0.0139268,0.00464225,0.0139268,0.00464225
423,86117.8,1.15552,0.56311,0.85113,0.89621,0.81312,0.86418,0.58587,1.09539,0.50651,0.84864,0.0138686,0.00462288,0.0138686,0.00462288,0.0138686,0.00462288,0.0138686,0.00462288
424,86304.1,1.15758,0.56252,0.84976,0.89721,0.81405,0.86517,0.58616,1.09428,0.50599,0.84861,0.0138106,0.00460352,0.0138106,0.00460352,0.0138106,0.00460352,0.0138106,0.00460352
425,86481.8,1.15675,0.56482,0.85144,0.89874,0.81259,0.86542,0.58624,1.09381,0.50557,0.84854,0.0137525,0.00458416,0.0137525,0.00458416,0.0137525,0.00458416,0.0137525,0.00458416
426,86654.3,1.15194,0.56571,0.85093,0.89849,0.81399,0.86622,0.58627,1.09352,0.50488,0.84855,0.0136944,0.00456482,0.0136944,0.00456482,0.0136944,0.00456482,0.0136944,0.00456482
427,86837.6,1.14996,0.55936,0.8511,0.89857,0.81329,0.86598,0.58595,1.09309,0.50437,0.84846,0.0136364,0.00454547,0.0136364,0.00454547,0.0136364,0.00454547,0.0136364,0.00454547
428,87022.5,1.15002,0.5603,0.84817,0.89939,0.81387,0.866,0.58617,1.09267,0.50399,0.84834,0.0135784,0.00452614,0.0135784,0.00452614,0.0135784,0.00452614,0.0135784,0.00452614
429,87204.9,1.14906,0.55891,0.85179,0.89979,0.81202,0.8655,0.58603,1.0932,0.5038,0.84835,0.0135204,0.00450682,0.0135204,0.00450682,0.0135204,0.00450682,0.0135204,0.00450682
430,87377.3,1.13682,0.5538,0.8499,0.90019,0.81345,0.86606,0.58646,1.0923,0.50354,0.84832,0.0134625,0.0044875,0.0134625,0.0044875,0.0134625,0.0044875,0.0134625,0.0044875
431,87558,1.14516,0.55437,0.84997,0.89977,0.81404,0.8663,0.58685,1.09136,0.50325,0.8482,0.0134046,0.00446819,0.0134046,0.00446819,0.0134046,0.00446819,0.0134046,0.00446819
432,87746.2,1.14377,0.55125,0.84992,0.8979,0.81516,0.86639,0.58712,1.09105,0.50293,0.84811,0.0133467,0.00444889,0.0133467,0.00444889,0.0133467,0.00444889,0.0133467,0.00444889
433,87926.7,1.13801,0.55249,0.85035,0.89594,0.81798,0.86704,0.58813,1.0897,0.50273,0.84795,0.0132888,0.0044296,0.0132888,0.0044296,0.0132888,0.0044296,0.0132888,0.0044296
434,88102.9,1.14466,0.55643,0.84996,0.89679,0.81836,0.86772,0.58749,1.0886,0.50247,0.84782,0.013231,0.00441032,0.013231,0.00441032,0.013231,0.00441032,0.013231,0.00441032
435,88280.1,1.14495,0.55961,0.85031,0.89631,0.81876,0.86835,0.5884,1.08752,0.50228,0.84763,0.0131731,0.00439105,0.0131731,0.00439105,0.0131731,0.00439105,0.0131731,0.00439105
436,88464.6,1.14099,0.55418,0.84887,0.89782,0.81948,0.86941,0.58895,1.08605,0.50167,0.84757,0.0131154,0.00437179,0.0131154,0.00437179,0.0131154,0.00437179,0.0131154,0.00437179
437,88650.7,1.13837,0.55151,0.85023,0.89522,0.82038,0.86941,0.58922,1.08539,0.50116,0.84744,0.0130576,0.00435254,0.0130576,0.00435254,0.0130576,0.00435254,0.0130576,0.00435254
438,88827.3,1.1317,0.54856,0.84693,0.89559,0.82137,0.87013,0.58991,1.08533,0.50071,0.84739,0.0129999,0.0043333,0.0129999,0.0043333,0.0129999,0.0043333,0.0129999,0.0043333
439,88997,1.13091,0.54957,0.85129,0.89486,0.82226,0.87034,0.59072,1.08475,0.50102,0.84731,0.0129422,0.00431407,0.0129422,0.00431407,0.0129422,0.00431407,0.0129422,0.00431407
440,89182.9,1.13643,0.55294,0.8488,0.89585,0.82207,0.87033,0.59086,1.08469,0.5005,0.84737,0.0128846,0.00429485,0.0128846,0.00429485,0.0128846,0.00429485,0.0128846,0.00429485
441,89373.6,1.12821,0.54622,0.84631,0.89612,0.82102,0.87002,0.59052,1.08462,0.50004,0.84734,0.0128269,0.00427565,0.0128269,0.00427565,0.0128269,0.00427565,0.0128269,0.00427565
442,89555.5,1.12669,0.54855,0.84972,0.89726,0.8204,0.87054,0.59,1.08461,0.49965,0.84737,0.0127694,0.00425646,0.0127694,0.00425646,0.0127694,0.00425646,0.0127694,0.00425646
443,89725.9,1.13171,0.55202,0.84821,0.89844,0.8209,0.87118,0.59099,1.08183,0.49885,0.84721,0.0127118,0.00423728,0.0127118,0.00423728,0.0127118,0.00423728,0.0127118,0.00423728
444,89906,1.131,0.54981,0.85055,0.89886,0.82087,0.87135,0.59081,1.08166,0.49859,0.84715,0.0126543,0.00421811,0.0126543,0.00421811,0.0126543,0.00421811,0.0126543,0.00421811
445,90095.3,1.12659,0.54576,0.84649,0.89873,0.82071,0.8717,0.59111,1.0808,0.49848,0.84708,0.0125969,0.00419895,0.0125969,0.00419895,0.0125969,0.00419895,0.0125969,0.00419895
446,90280.5,1.1228,0.54133,0.848,0.89995,0.822,0.87253,0.59179,1.08055,0.49849,0.84698,0.0125394,0.00417981,0.0125394,0.00417981,0.0125394,0.00417981,0.0125394,0.00417981
447,90456.6,1.12689,0.54483,0.84721,0.9006,0.82107,0.87269,0.59191,1.07985,0.4984,0.84689,0.012482,0.00416068,0.012482,0.00416068,0.012482,0.00416068,0.012482,0.00416068
448,90632.9,1.12219,0.54335,0.84622,0.90199,0.82046,0.87359,0.59211,1.08039,0.49812,0.84686,0.0124247,0.00414156,0.0124247,0.00414156,0.0124247,0.00414156,0.0124247,0.00414156
449,90817,1.11726,0.54127,0.84736,0.90168,0.82101,0.87323,0.59241,1.08085,0.49792,0.8468,0.0123674,0.00412246,0.0123674,0.00412246,0.0123674,0.00412246,0.0123674,0.00412246
450,91009.4,1.11875,0.5429,0.84806,0.90065,0.82156,0.87298,0.59282,1.08029,0.49779,0.84673,0.0123101,0.00410338,0.0123101,0.00410338,0.0123101,0.00410338,0.0123101,0.00410338
451,91192.8,1.12428,0.54459,0.84587,0.90249,0.82075,0.87321,0.59316,1.08067,0.49741,0.84678,0.0122529,0.0040843,0.0122529,0.0040843,0.0122529,0.0040843,0.0122529,0.0040843
452,91365,1.11869,0.54297,0.84597,0.9014,0.82146,0.87259,0.59321,1.08043,0.49704,0.84667,0.0121957,0.00406525,0.0121957,0.00406525,0.0121957,0.00406525,0.0121957,0.00406525
453,91545.2,1.11686,0.53995,0.8444,0.90378,0.82069,0.87324,0.5929,1.08036,0.49666,0.84653,0.0121386,0.0040462,0.0121386,0.0040462,0.0121386,0.0040462,0.0121386,0.0040462
454,91732.4,1.11988,0.54055,0.84492,0.90361,0.81949,0.87268,0.59326,1.07924,0.49638,0.84643,0.0120815,0.00402718,0.0120815,0.00402718,0.0120815,0.00402718,0.0120815,0.00402718
455,91921.2,1.12036,0.54069,0.84477,0.90441,0.81968,0.87325,0.59383,1.07854,0.49588,0.84629,0.0120245,0.00400816,0.0120245,0.00400816,0.0120245,0.00400816,0.0120245,0.00400816
456,92105.5,1.10841,0.54039,0.84358,0.90604,0.82038,0.87399,0.59405,1.07836,0.49555,0.84621,0.0119675,0.00398917,0.0119675,0.00398917,0.0119675,0.00398917,0.0119675,0.00398917
457,92277,1.11836,0.54219,0.84397,0.90847,0.82045,0.87442,0.59439,1.07862,0.49527,0.84617,0.0119106,0.00397019,0.0119106,0.00397019,0.0119106,0.00397019,0.0119106,0.00397019
458,92462.3,1.10213,0.53464,0.84278,0.90743,0.82149,0.87464,0.59501,1.07734,0.49491,0.84601,0.0118537,0.00395123,0.0118537,0.00395123,0.0118537,0.00395123,0.0118537,0.00395123
459,92649.8,1.10603,0.53631,0.84452,0.9071,0.82199,0.8744,0.59491,1.07657,0.49395,0.84597,0.0117969,0.00393228,0.0117969,0.00393228,0.0117969,0.00393228,0.0117969,0.00393228
460,92835.7,1.10617,0.53492,0.84388,0.90736,0.82328,0.87525,0.5951,1.07667,0.49405,0.84601,0.0117401,0.00391336,0.0117401,0.00391336,0.0117401,0.00391336,0.0117401,0.00391336
461,93014.9,1.10026,0.53363,0.84422,0.90625,0.82324,0.87524,0.59548,1.07694,0.49363,0.84591,0.0116833,0.00389445,0.0116833,0.00389445,0.0116833,0.00389445,0.0116833,0.00389445
462,93186.4,1.11183,0.54108,0.84542,0.90403,0.82478,0.87563,0.5955,1.07642,0.49344,0.84589,0.0116267,0.00387555,0.0116267,0.00387555,0.0116267,0.00387555,0.0116267,0.00387555
463,93371.7,1.10248,0.53224,0.84276,0.9041,0.8248,0.87609,0.59614,1.07556,0.49281,0.84583,0.01157,0.00385668,0.01157,0.00385668,0.01157,0.00385668,0.01157,0.00385668
464,93562.8,1.09526,0.53086,0.84221,0.90597,0.82464,0.87609,0.59627,1.07466,0.49234,0.84585,0.0115135,0.00383782,0.0115135,0.00383782,0.0115135,0.00383782,0.0115135,0.00383782
465,93746.1,1.09646,0.53087,0.84312,0.90516,0.825,0.87628,0.59648,1.07364,0.49199,0.84574,0.011457,0.00381899,0.011457,0.00381899,0.011457,0.00381899,0.011457,0.00381899
466,93923.4,1.09892,0.52917,0.84397,0.90407,0.82585,0.87633,0.59723,1.07243,0.49165,0.84567,0.0114005,0.00380017,0.0114005,0.00380017,0.0114005,0.00380017,0.0114005,0.00380017
467,94098.8,1.09373,0.52931,0.84384,0.90641,0.82489,0.8768,0.59728,1.07228,0.4911,0.84567,0.0113441,0.00378137,0.0113441,0.00378137,0.0113441,0.00378137,0.0113441,0.00378137
468,94286.2,1.09078,0.52617,0.84291,0.9067,0.82482,0.87639,0.59695,1.0725,0.49097,0.84565,0.0112878,0.00376259,0.0112878,0.00376259,0.0112878,0.00376259,0.0112878,0.00376259
469,94478.8,1.09264,0.52565,0.84022,0.9086,0.82428,0.87664,0.5968,1.07254,0.49045,0.84562,0.0112315,0.00374383,0.0112315,0.00374383,0.0112315,0.00374383,0.0112315,0.00374383
470,94658.7,1.09776,0.53232,0.84217,0.91031,0.82342,0.877,0.59672,1.07208,0.48993,0.84563,0.0111753,0.00372509,0.0111753,0.00372509,0.0111753,0.00372509,0.0111753,0.00372509
471,94833.5,1.08793,0.52673,0.8419,0.90953,0.8232,0.8765,0.59638,1.07242,0.48954,0.8457,0.0111191,0.00370637,0.0111191,0.00370637,0.0111191,0.00370637,0.0111191,0.00370637
472,95011.1,1.0888,0.52795,0.84384,0.90971,0.82446,0.87684,0.59644,1.07279,0.48979,0.8457,0.011063,0.00368767,0.011063,0.00368767,0.011063,0.00368767,0.011063,0.00368767
473,95199.9,1.08592,0.52635,0.84069,0.90958,0.82435,0.87682,0.5968,1.07249,0.48963,0.84574,0.011007,0.00366899,0.011007,0.00366899,0.011007,0.00366899,0.011007,0.00366899
474,95389.5,1.09135,0.52416,0.84151,0.90886,0.82442,0.87656,0.59684,1.07219,0.48939,0.84569,0.010951,0.00365034,0.010951,0.00365034,0.010951,0.00365034,0.010951,0.00365034
475,95566.4,1.08644,0.52575,0.84056,0.91017,0.82451,0.87647,0.59711,1.07268,0.48925,0.84565,0.0108951,0.0036317,0.0108951,0.0036317,0.0108951,0.0036317,0.0108951,0.0036317
476,95739.4,1.08478,0.52684,0.83944,0.90669,0.82743,0.87746,0.59756,1.07283,0.48888,0.84567,0.0108393,0.00361309,0.0108393,0.00361309,0.0108393,0.00361309,0.0108393,0.00361309
477,95920.4,1.08026,0.51858,0.84206,0.9053,0.82855,0.87781,0.59788,1.07288,0.48852,0.84565,0.0107835,0.0035945,0.0107835,0.0035945,0.0107835,0.0035945,0.0107835,0.0035945
478,96107.1,1.08855,0.52475,0.84068,0.90691,0.8284,0.87804,0.59774,1.07302,0.48834,0.84556,0.0107278,0.00357593,0.0107278,0.00357593,0.0107278,0.00357593,0.0107278,0.00357593
479,96294.4,1.07915,0.52407,0.84251,0.90778,0.82879,0.87817,0.59761,1.07303,0.48815,0.84558,0.0106722,0.00355739,0.0106722,0.00355739,0.0106722,0.00355739,0.0106722,0.00355739
480,96471.4,1.07923,0.52368,0.84074,0.90756,0.82821,0.87775,0.59755,1.07363,0.48793,0.84567,0.0106166,0.00353886,0.0106166,0.00353886,0.0106166,0.00353886,0.0106166,0.00353886
481,96646.4,1.08436,0.52183,0.83911,0.90693,0.82805,0.87782,0.59763,1.07307,0.48737,0.84565,0.0105611,0.00352037,0.0105611,0.00352037,0.0105611,0.00352037,0.0105611,0.00352037
482,96829.9,1.07622,0.51873,0.83838,0.90915,0.82815,0.87826,0.59837,1.07222,0.48703,0.84563,0.0105057,0.00350189,0.0105057,0.00350189,0.0105057,0.00350189,0.0105057,0.00350189
483,97019.9,1.07574,0.51881,0.83872,0.90949,0.82757,0.87786,0.5981,1.07166,0.48667,0.84555,0.0104503,0.00348344,0.0104503,0.00348344,0.0104503,0.00348344,0.0104503,0.00348344
484,97203.4,1.06798,0.51632,0.8392,0.90745,0.82813,0.87811,0.59846,1.07093,0.48631,0.84559,0.010395,0.00346501,0.010395,0.00346501,0.010395,0.00346501,0.010395,0.00346501
485,97377.5,1.07861,0.52484,0.83847,0.9077,0.82815,0.87856,0.59825,1.07163,0.48622,0.84561,0.0103398,0.00344661,0.0103398,0.00344661,0.0103398,0.00344661,0.0103398,0.00344661
486,97554,1.0763,0.52491,0.83841,0.90824,0.83005,0.87951,0.59854,1.07122,0.48594,0.84552,0.0102847,0.00342823,0.0102847,0.00342823,0.0102847,0.00342823,0.0102847,0.00342823
487,97739.6,1.07055,0.51963,0.83856,0.90799,0.83004,0.87963,0.59871,1.07015,0.48566,0.84548,0.0102296,0.00340988,0.0102296,0.00340988,0.0102296,0.00340988,0.0102296,0.00340988
488,97926.2,1.0731,0.51581,0.83881,0.90912,0.82962,0.87972,0.59879,1.0705,0.48531,0.84536,0.0101746,0.00339155,0.0101746,0.00339155,0.0101746,0.00339155,0.0101746,0.00339155
489,98108.7,1.06048,0.51329,0.83555,0.9083,0.83116,0.88014,0.59951,1.06924,0.4849,0.84523,0.0101197,0.00337325,0.0101197,0.00337325,0.0101197,0.00337325,0.0101197,0.00337325
490,98280,1.07012,0.51718,0.83481,0.90808,0.83143,0.88006,0.59958,1.06922,0.48473,0.84528,0.0100649,0.00335497,0.0100649,0.00335497,0.0100649,0.00335497,0.0100649,0.00335497
491,98459.9,1.06517,0.51123,0.8376,0.90898,0.82945,0.87889,0.59927,1.07046,0.485,0.84525,0.0100102,0.00333672,0.0100102,0.00333672,0.0100102,0.00333672,0.0100102,0.00333672
492,98651.1,1.05948,0.51073,0.84038,0.90727,0.82959,0.87896,0.59954,1.07055,0.48493,0.84521,0.00995549,0.0033185,0.00995549,0.0033185,0.00995549,0.0033185,0.00995549,0.0033185
493,98836.4,1.06615,0.51513,0.83636,0.90912,0.82854,0.87882,0.599,1.07039,0.48469,0.84518,0.0099009,0.0033003,0.0099009,0.0033003,0.0099009,0.0033003,0.0099009,0.0033003
494,99015.2,1.06472,0.51581,0.83657,0.90973,0.82935,0.879,0.59901,1.07036,0.48414,0.84524,0.00984639,0.00328213,0.00984639,0.00328213,0.00984639,0.00328213,0.00984639,0.00328213
495,99186.1,1.05571,0.50964,0.83798,0.91081,0.82903,0.87854,0.59952,1.06964,0.48403,0.84517,0.00979196,0.00326399,0.00979196,0.00326399,0.00979196,0.00326399,0.00979196,0.00326399
496,99366.5,1.05527,0.50912,0.83662,0.91156,0.829,0.87814,0.59971,1.06979,0.48369,0.84516,0.00973761,0.00324587,0.00973761,0.00324587,0.00973761,0.00324587,0.00973761,0.00324587
497,99561.3,1.05991,0.51003,0.83538,0.91268,0.82995,0.87904,0.59967,1.06943,0.48337,0.84513,0.00968335,0.00322778,0.00968335,0.00322778,0.00968335,0.00322778,0.00968335,0.00322778
498,99741.8,1.05437,0.50945,0.83407,0.91414,0.82998,0.88,0.59968,1.06879,0.48314,0.84508,0.00962917,0.00320972,0.00962917,0.00320972,0.00962917,0.00320972,0.00962917,0.00320972
499,99917.7,1.04129,0.50432,0.83696,0.91321,0.82976,0.87971,0.59979,1.06973,0.48329,0.84506,0.00957508,0.00319169,0.00957508,0.00319169,0.00957508,0.00319169,0.00957508,0.00319169
500,100093,1.05844,0.50794,0.83538,0.9128,0.82912,0.8798,0.59979,1.06954,0.48346,0.84507,0.00952107,0.00317369,0.00952107,0.00317369,0.00952107,0.00317369,0.00952107,0.00317369
501,100278,1.05472,0.50958,0.83856,0.91324,0.8292,0.87956,0.59967,1.06975,0.48342,0.84506,0.00946715,0.00315572,0.00946715,0.00315572,0.00946715,0.00315572,0.00946715,0.00315572
502,100470,1.04626,0.50493,0.83299,0.91228,0.82981,0.87975,0.59955,1.06997,0.48283,0.8451,0.00941332,0.00313777,0.00941332,0.00313777,0.00941332,0.00313777,0.00941332,0.00313777
503,100649,1.04802,0.50361,0.83704,0.91075,0.8315,0.88013,0.59996,1.06915,0.48239,0.84503,0.00935957,0.00311986,0.00935957,0.00311986,0.00935957,0.00311986,0.00935957,0.00311986
504,100825,1.04011,0.50221,0.83614,0.90978,0.83212,0.88079,0.60058,1.06896,0.48214,0.84507,0.00930592,0.00310197,0.00930592,0.00310197,0.00930592,0.00310197,0.00930592,0.00310197
505,101003,1.04547,0.5044,0.83392,0.90759,0.83326,0.8814,0.60087,1.06885,0.48206,0.84505,0.00925235,0.00308412,0.00925235,0.00308412,0.00925235,0.00308412,0.00925235,0.00308412
506,101190,1.04373,0.50687,0.83626,0.90461,0.83568,0.88071,0.60095,1.06899,0.48202,0.84498,0.00919888,0.00306629,0.00919888,0.00306629,0.00919888,0.00306629,0.00919888,0.00306629
507,101380,1.04366,0.50263,0.83696,0.90501,0.83526,0.88128,0.60136,1.06869,0.48146,0.84498,0.0091455,0.0030485,0.0091455,0.0030485,0.0091455,0.0030485,0.0091455,0.0030485
508,101557,1.0321,0.50158,0.83352,0.90451,0.8352,0.88087,0.60177,1.06707,0.48092,0.84485,0.00909221,0.00303074,0.00909221,0.00303074,0.00909221,0.00303074,0.00909221,0.00303074
509,101730,1.03629,0.50014,0.83536,0.90258,0.83568,0.88103,0.60139,1.06733,0.48095,0.84492,0.00903901,0.003013,0.00903901,0.003013,0.00903901,0.003013,0.00903901,0.003013
510,101912,1.04586,0.50333,0.83398,0.90445,0.83628,0.8812,0.60141,1.06745,0.48111,0.84483,0.00898591,0.0029953,0.00898591,0.0029953,0.00898591,0.0029953,0.00898591,0.0029953
511,102100,1.04089,0.50405,0.83457,0.90367,0.83671,0.8813,0.60133,1.06863,0.48112,0.84488,0.0089329,0.00297763,0.0089329,0.00297763,0.0089329,0.00297763,0.0089329,0.00297763
512,102286,1.03451,0.49972,0.83424,0.90458,0.83606,0.8815,0.60125,1.06859,0.48096,0.84474,0.00887999,0.00296,0.00887999,0.00296,0.00887999,0.00296,0.00887999,0.00296
513,102462,1.03442,0.49767,0.83401,0.90467,0.83755,0.88235,0.60179,1.068,0.48071,0.84478,0.00882718,0.00294239,0.00882718,0.00294239,0.00882718,0.00294239,0.00882718,0.00294239
514,102633,1.02983,0.4966,0.83212,0.9045,0.83756,0.88252,0.6022,1.06749,0.48031,0.84477,0.00877446,0.00292482,0.00877446,0.00292482,0.00877446,0.00292482,0.00877446,0.00292482
515,102822,1.03423,0.49913,0.83353,0.90498,0.83809,0.8826,0.60189,1.06673,0.48014,0.84466,0.00872184,0.00290728,0.00872184,0.00290728,0.00872184,0.00290728,0.00872184,0.00290728
516,103012,1.03092,0.4967,0.83083,0.90488,0.83924,0.88343,0.60236,1.06641,0.48018,0.84459,0.00866932,0.00288977,0.00866932,0.00288977,0.00866932,0.00288977,0.00866932,0.00288977
517,103197,1.02618,0.49657,0.83211,0.90479,0.83861,0.88301,0.60248,1.06622,0.47969,0.84465,0.0086169,0.0028723,0.0086169,0.0028723,0.0086169,0.0028723,0.0086169,0.0028723
518,103374,1.02814,0.49673,0.83224,0.90511,0.83857,0.88341,0.60271,1.06626,0.47948,0.84459,0.00856458,0.00285486,0.00856458,0.00285486,0.00856458,0.00285486,0.00856458,0.00285486
519,103547,1.01897,0.48907,0.83187,0.90527,0.8387,0.88324,0.60242,1.06556,0.479,0.84454,0.00851237,0.00283746,0.00851237,0.00283746,0.00851237,0.00283746,0.00851237,0.00283746
520,103735,1.02478,0.49394,0.82981,0.90573,0.83981,0.88381,0.60348,1.06487,0.47875,0.84447,0.00846025,0.00282008,0.00846025,0.00282008,0.00846025,0.00282008,0.00846025,0.00282008
521,103928,1.02862,0.49988,0.82983,0.9057,0.84011,0.88434,0.60352,1.06401,0.47843,0.84441,0.00840824,0.00280275,0.00840824,0.00280275,0.00840824,0.00280275,0.00840824,0.00280275
522,104110,1.02552,0.49056,0.83054,0.90617,0.84049,0.88444,0.60371,1.06476,0.4784,0.84443,0.00835633,0.00278544,0.00835633,0.00278544,0.00835633,0.00278544,0.00835633,0.00278544
523,104285,1.01821,0.48944,0.8326,0.90583,0.84121,0.88461,0.60392,1.06464,0.47842,0.84439,0.00830453,0.00276818,0.00830453,0.00276818,0.00830453,0.00276818,0.00830453,0.00276818
524,104460,1.02375,0.49314,0.8314,0.90492,0.84135,0.88507,0.60416,1.06469,0.47864,0.84431,0.00825283,0.00275094,0.00825283,0.00275094,0.00825283,0.00275094,0.00825283,0.00275094
525,104648,1.01515,0.48885,0.83016,0.90343,0.84128,0.88501,0.60463,1.06379,0.47823,0.84402,0.00820124,0.00273375,0.00820124,0.00273375,0.00820124,0.00273375,0.00820124,0.00273375
526,104840,1.01691,0.48884,0.83054,0.90386,0.84201,0.88527,0.60511,1.06348,0.47807,0.84399,0.00814976,0.00271659,0.00814976,0.00271659,0.00814976,0.00271659,0.00814976,0.00271659
527,105022,1.02313,0.49209,0.8314,0.9037,0.84341,0.88564,0.60527,1.06302,0.47771,0.84389,0.00809838,0.00269946,0.00809838,0.00269946,0.00809838,0.00269946,0.00809838,0.00269946
528,105196,1.01614,0.48877,0.82884,0.90485,0.84334,0.88636,0.60553,1.06257,0.47739,0.84388,0.00804712,0.00268237,0.00804712,0.00268237,0.00804712,0.00268237,0.00804712,0.00268237
529,105373,1.01267,0.48995,0.82968,0.90468,0.84241,0.88602,0.60493,1.06335,0.47721,0.84399,0.00799596,0.00266532,0.00799596,0.00266532,0.00799596,0.00266532,0.00799596,0.00266532
530,105562,1.01274,0.48736,0.83051,0.90399,0.84217,0.88546,0.60432,1.06434,0.47751,0.84397,0.00794491,0.0026483,0.00794491,0.0026483,0.00794491,0.0026483,0.00794491,0.0026483
531,105752,1.00812,0.48422,0.82929,0.90487,0.84201,0.88584,0.60445,1.06431,0.47717,0.84394,0.00789397,0.00263132,0.00789397,0.00263132,0.00789397,0.00263132,0.00789397,0.00263132
532,105932,1.0089,0.48499,0.82661,0.90555,0.84285,0.88661,0.60435,1.06423,0.47729,0.8439,0.00784315,0.00261438,0.00784315,0.00261438,0.00784315,0.00261438,0.00784315,0.00261438
533,106105,1.00235,0.48566,0.82781,0.90624,0.84234,0.88677,0.60477,1.0645,0.47687,0.84393,0.00779244,0.00259748,0.00779244,0.00259748,0.00779244,0.00259748,0.00779244,0.00259748
534,106285,1.00355,0.4832,0.82871,0.90657,0.84273,0.88751,0.60514,1.06401,0.47668,0.84392,0.00774184,0.00258061,0.00774184,0.00258061,0.00774184,0.00258061,0.00774184,0.00258061
535,106475,0.99909,0.47881,0.82725,0.9063,0.84319,0.8878,0.60538,1.06349,0.47626,0.84382,0.00769136,0.00256379,0.00769136,0.00256379,0.00769136,0.00256379,0.00769136,0.00256379
536,106660,0.99876,0.48159,0.82793,0.9062,0.84419,0.88831,0.60551,1.06348,0.47632,0.84379,0.00764099,0.002547,0.00764099,0.002547,0.00764099,0.002547,0.00764099,0.002547
537,106838,0.99778,0.48025,0.82952,0.90628,0.84429,0.88898,0.60635,1.06229,0.47568,0.84368,0.00759073,0.00253024,0.00759073,0.00253024,0.00759073,0.00253024,0.00759073,0.00253024
538,107011,1.00024,0.47989,0.82868,0.90652,0.84429,0.88907,0.6061,1.06305,0.47605,0.84364,0.0075406,0.00251353,0.0075406,0.00251353,0.0075406,0.00251353,0.0075406,0.00251353
539,107194,0.99336,0.4801,0.82777,0.90645,0.84423,0.88904,0.60589,1.06321,0.47575,0.84373,0.00749058,0.00249686,0.00749058,0.00249686,0.00749058,0.00249686,0.00749058,0.00249686
540,107386,0.9955,0.48041,0.82924,0.90683,0.84515,0.88915,0.60625,1.06283,0.4752,0.84372,0.00744068,0.00248023,0.00744068,0.00248023,0.00744068,0.00248023,0.00744068,0.00248023
541,107571,0.99683,0.48136,0.82987,0.90722,0.84482,0.88897,0.60681,1.06201,0.47429,0.84366,0.0073909,0.00246363,0.0073909,0.00246363,0.0073909,0.00246363,0.0073909,0.00246363
542,107745,0.99806,0.47982,0.82842,0.90638,0.8438,0.88898,0.60673,1.06153,0.47422,0.84363,0.00734123,0.00244708,0.00734123,0.00244708,0.00734123,0.00244708,0.00734123,0.00244708
543,107922,0.99325,0.47676,0.82647,0.90736,0.84346,0.8888,0.60681,1.06181,0.4741,0.84359,0.00729169,0.00243056,0.00729169,0.00243056,0.00729169,0.00243056,0.00729169,0.00243056
544,108107,0.98873,0.47673,0.82718,0.90666,0.84443,0.88881,0.60698,1.06129,0.47362,0.84366,0.00724227,0.00241409,0.00724227,0.00241409,0.00724227,0.00241409,0.00724227,0.00241409
545,108300,0.9901,0.47909,0.82808,0.90789,0.84339,0.88862,0.60658,1.06178,0.47334,0.84362,0.00719297,0.00239766,0.00719297,0.00239766,0.00719297,0.00239766,0.00719297,0.00239766
546,108481,0.9921,0.47663,0.8276,0.90738,0.84508,0.88909,0.6074,1.061,0.47321,0.84361,0.0071438,0.00238127,0.0071438,0.00238127,0.0071438,0.00238127,0.0071438,0.00238127
547,108652,0.98458,0.47443,0.82569,0.90744,0.84489,0.88896,0.60716,1.06008,0.47291,0.84348,0.00709474,0.00236491,0.00709474,0.00236491,0.00709474,0.00236491,0.00709474,0.00236491
548,108830,0.97963,0.47359,0.82651,0.9072,0.84513,0.88855,0.6077,1.0596,0.47263,0.84344,0.00704581,0.0023486,0.00704581,0.0023486,0.00704581,0.0023486,0.00704581,0.0023486
549,109017,0.9819,0.47136,0.82717,0.90544,0.8465,0.88921,0.60796,1.05975,0.47286,0.84354,0.00699701,0.00233234,0.00699701,0.00233234,0.00699701,0.00233234,0.00699701,0.00233234
550,109209,0.9833,0.47277,0.82613,0.90619,0.84592,0.88921,0.60824,1.05977,0.47293,0.8435,0.00694833,0.00231611,0.00694833,0.00231611,0.00694833,0.00231611,0.00694833,0.00231611
551,109390,0.98164,0.47449,0.82439,0.90677,0.84598,0.88908,0.60832,1.06077,0.47289,0.84349,0.00689978,0.00229993,0.00689978,0.00229993,0.00689978,0.00229993,0.00689978,0.00229993
552,109561,0.9816,0.4684,0.82538,0.90689,0.84593,0.88899,0.6085,1.06036,0.47268,0.84352,0.00685136,0.00228379,0.00685136,0.00228379,0.00685136,0.00228379,0.00685136,0.00228379
553,109743,0.98619,0.47903,0.82763,0.90734,0.84621,0.88911,0.60859,1.06037,0.47238,0.84347,0.00680306,0.00226769,0.00680306,0.00226769,0.00680306,0.00226769,0.00680306,0.00226769
554,109931,0.97453,0.46685,0.82646,0.9076,0.84669,0.88962,0.60858,1.06087,0.47215,0.84348,0.00675489,0.00225163,0.00675489,0.00225163,0.00675489,0.00225163,0.00675489,0.00225163
555,110122,0.97498,0.46873,0.82286,0.90619,0.84614,0.88889,0.60853,1.0601,0.47165,0.84345,0.00670686,0.00223562,0.00670686,0.00223562,0.00670686,0.00223562,0.00670686,0.00223562
556,110301,0.97202,0.46647,0.82329,0.9059,0.84613,0.88893,0.60879,1.05985,0.47138,0.84339,0.00665895,0.00221965,0.00665895,0.00221965,0.00665895,0.00221965,0.00665895,0.00221965
557,110473,0.96782,0.46624,0.82435,0.90604,0.84591,0.88884,0.60886,1.05924,0.4713,0.84328,0.00661117,0.00220372,0.00661117,0.00220372,0.00661117,0.00220372,0.00661117,0.00220372
558,110657,0.96713,0.46739,0.82411,0.9059,0.84757,0.88917,0.60948,1.0587,0.47144,0.84324,0.00656353,0.00218784,0.00656353,0.00218784,0.00656353,0.00218784,0.00656353,0.00218784
559,110846,0.96801,0.46741,0.82173,0.90504,0.84651,0.88929,0.60928,1.05835,0.47095,0.84321,0.00651601,0.002172,0.00651601,0.002172,0.00651601,0.002172,0.00651601,0.002172
560,111031,0.96877,0.46447,0.82397,0.90689,0.84661,0.88988,0.60961,1.05746,0.47047,0.84313,0.00646863,0.00215621,0.00646863,0.00215621,0.00646863,0.00215621,0.00646863,0.00215621
561,111209,0.97078,0.46644,0.82416,0.90749,0.84725,0.89066,0.60983,1.05723,0.47026,0.84316,0.00642139,0.00214046,0.00642139,0.00214046,0.00642139,0.00214046,0.00642139,0.00214046
562,111382,0.96376,0.46429,0.8231,0.90867,0.84737,0.89102,0.61021,1.05698,0.4699,0.8432,0.00637428,0.00212476,0.00637428,0.00212476,0.00637428,0.00212476,0.00637428,0.00212476
563,111572,0.96577,0.46438,0.82275,0.90815,0.84713,0.89058,0.6099,1.05635,0.4702,0.84321,0.0063273,0.0021091,0.0063273,0.0021091,0.0063273,0.0021091,0.0063273,0.0021091
564,111770,0.95613,0.45809,0.82362,0.90784,0.84772,0.89119,0.60988,1.05589,0.46997,0.84309,0.00628046,0.00209349,0.00628046,0.00209349,0.00628046,0.00209349,0.00628046,0.00209349
565,111957,0.95814,0.4592,0.82415,0.90925,0.84756,0.89127,0.60976,1.05556,0.46978,0.84309,0.00623376,0.00207792,0.00623376,0.00207792,0.00623376,0.00207792,0.00623376,0.00207792
566,112136,0.95795,0.45837,0.82367,0.90959,0.84761,0.89113,0.61001,1.05569,0.4696,0.84299,0.00618719,0.0020624,0.00618719,0.0020624,0.00618719,0.0020624,0.00618719,0.0020624
567,112317,0.95303,0.4599,0.82173,0.90907,0.84821,0.89126,0.61029,1.05545,0.46979,0.84291,0.00614077,0.00204692,0.00614077,0.00204692,0.00614077,0.00204692,0.00614077,0.00204692
568,112507,0.95015,0.45767,0.82258,0.90929,0.84659,0.8906,0.61012,1.05474,0.46921,0.84288,0.00609448,0.00203149,0.00609448,0.00203149,0.00609448,0.00203149,0.00609448,0.00203149
569,112700,0.94909,0.45664,0.82213,0.90954,0.84761,0.89102,0.61063,1.05359,0.46887,0.84273,0.00604833,0.00201611,0.00604833,0.00201611,0.00604833,0.00201611,0.00604833,0.00201611
570,112891,0.95456,0.45756,0.82286,0.90937,0.84872,0.89138,0.6108,1.05231,0.46835,0.84258,0.00600232,0.00200077,0.00600232,0.00200077,0.00600232,0.00200077,0.00600232,0.00200077
571,113066,0.94961,0.45466,0.82209,0.91071,0.84822,0.89089,0.61097,1.05266,0.46829,0.84258,0.00595645,0.00198548,0.00595645,0.00198548,0.00595645,0.00198548,0.00595645,0.00198548
572,113266,0.95095,0.45728,0.82146,0.91066,0.84791,0.89074,0.61115,1.05194,0.46767,0.84257,0.00591073,0.00197024,0.00591073,0.00197024,0.00591073,0.00197024,0.00591073,0.00197024
573,113486,0.94511,0.45408,0.8198,0.91054,0.84771,0.89128,0.61123,1.0513,0.46747,0.84254,0.00586515,0.00195505,0.00586515,0.00195505,0.00586515,0.00195505,0.00586515,0.00195505
574,113677,0.94156,0.45712,0.82157,0.91053,0.8481,0.89098,0.61134,1.05075,0.46694,0.84248,0.00581971,0.0019399,0.00581971,0.0019399,0.00581971,0.0019399,0.00581971,0.0019399
575,113854,0.94768,0.45494,0.82251,0.9106,0.84902,0.89161,0.61149,1.04973,0.46669,0.84245,0.00577441,0.0019248,0.00577441,0.0019248,0.00577441,0.0019248,0.00577441,0.0019248
576,114039,0.94307,0.45464,0.82157,0.90986,0.84935,0.89065,0.61165,1.04981,0.46636,0.8424,0.00572926,0.00190975,0.00572926,0.00190975,0.00572926,0.00190975,0.00572926,0.00190975
577,114234,0.9331,0.45036,0.82015,0.91078,0.84922,0.89108,0.61184,1.04945,0.4662,0.84242,0.00568425,0.00189475,0.00568425,0.00189475,0.00568425,0.00189475,0.00568425,0.00189475
578,114422,0.94295,0.45553,0.82144,0.91136,0.84966,0.89179,0.61164,1.0496,0.46575,0.8424,0.00563939,0.0018798,0.00563939,0.0018798,0.00563939,0.0018798,0.00563939,0.0018798
579,114599,0.94328,0.45407,0.82159,0.91189,0.84913,0.89141,0.61186,1.04898,0.46529,0.84236,0.00559468,0.00186489,0.00559468,0.00186489,0.00559468,0.00186489,0.00559468,0.00186489
580,114778,0.93606,0.45243,0.82137,0.91129,0.84883,0.89072,0.61162,1.04947,0.46541,0.84237,0.00555011,0.00185004,0.00555011,0.00185004,0.00555011,0.00185004,0.00555011,0.00185004
581,114974,0.93007,0.4489,0.81927,0.91148,0.8495,0.89125,0.61229,1.04964,0.46512,0.84228,0.0055057,0.00183523,0.0055057,0.00183523,0.0055057,0.00183523,0.0055057,0.00183523
582,115171,0.93577,0.44812,0.81856,0.91256,0.85013,0.8925,0.61247,1.04979,0.46493,0.84222,0.00546143,0.00182048,0.00546143,0.00182048,0.00546143,0.00182048,0.00546143,0.00182048
583,115351,0.93264,0.44846,0.82158,0.91195,0.85052,0.89245,0.61272,1.04951,0.46472,0.84225,0.00541731,0.00180577,0.00541731,0.00180577,0.00541731,0.00180577,0.00541731,0.00180577
584,115524,0.93428,0.44817,0.81749,0.91267,0.85123,0.89365,0.61273,1.05099,0.46529,0.8423,0.00537334,0.00179111,0.00537334,0.00179111,0.00537334,0.00179111,0.00537334,0.00179111
585,115708,0.92647,0.44556,0.8192,0.9129,0.85054,0.89388,0.61292,1.05049,0.46516,0.84227,0.00532952,0.00177651,0.00532952,0.00177651,0.00532952,0.00177651,0.00532952,0.00177651
586,115898,0.92518,0.44524,0.81668,0.91102,0.85104,0.89291,0.61321,1.05033,0.46513,0.84217,0.00528585,0.00176195,0.00528585,0.00176195,0.00528585,0.00176195,0.00528585,0.00176195
587,116081,0.92397,0.445,0.81678,0.91002,0.85157,0.89342,0.61343,1.05,0.46497,0.84215,0.00524234,0.00174745,0.00524234,0.00174745,0.00524234,0.00174745,0.00524234,0.00174745
588,116255,0.92778,0.44556,0.81872,0.90949,0.85394,0.89396,0.61391,1.04989,0.46482,0.84208,0.00519897,0.00173299,0.00519897,0.00173299,0.00519897,0.00173299,0.00519897,0.00173299
589,116431,0.92897,0.44593,0.82082,0.91034,0.85314,0.89403,0.6139,1.05001,0.4653,0.84208,0.00515576,0.00171859,0.00515576,0.00171859,0.00515576,0.00171859,0.00515576,0.00171859
590,116618,0.92343,0.44272,0.81753,0.91196,0.85299,0.89431,0.61429,1.04897,0.46498,0.84198,0.00511271,0.00170424,0.00511271,0.00170424,0.00511271,0.00170424,0.00511271,0.00170424
591,116809,0.91816,0.44084,0.81649,0.91207,0.85361,0.89474,0.61432,1.04819,0.46491,0.84192,0.00506981,0.00168994,0.00506981,0.00168994,0.00506981,0.00168994,0.00506981,0.00168994
592,116993,0.91264,0.44071,0.81758,0.91315,0.85462,0.89542,0.6151,1.04715,0.46452,0.84184,0.00502706,0.00167569,0.00502706,0.00167569,0.00502706,0.00167569,0.00502706,0.00167569
593,117169,0.91452,0.44221,0.8188,0.90962,0.85637,0.89537,0.61562,1.04751,0.46433,0.84175,0.00498448,0.00166149,0.00498448,0.00166149,0.00498448,0.00166149,0.00498448,0.00166149
594,117346,0.91153,0.43844,0.81678,0.91051,0.85627,0.89616,0.61558,1.04754,0.46425,0.84196,0.00494204,0.00164735,0.00494204,0.00164735,0.00494204,0.00164735,0.00494204,0.00164735
595,117535,0.91279,0.43952,0.81767,0.91104,0.85594,0.8958,0.61473,1.04853,0.46422,0.84193,0.00489977,0.00163326,0.00489977,0.00163326,0.00489977,0.00163326,0.00489977,0.00163326
596,117725,0.90907,0.43742,0.81648,0.91094,0.85612,0.89596,0.61461,1.04885,0.46422,0.8419,0.00485765,0.00161922,0.00485765,0.00161922,0.00485765,0.00161922,0.00485765,0.00161922
597,117906,0.912,0.43921,0.8176,0.91087,0.85789,0.89644,0.61428,1.04928,0.46421,0.84197,0.00481569,0.00160523,0.00481569,0.00160523,0.00481569,0.00160523,0.00481569,0.00160523
598,118078,0.9087,0.43827,0.81637,0.91075,0.85783,0.89614,0.61423,1.04913,0.46412,0.84195,0.0047739,0.0015913,0.0047739,0.0015913,0.0047739,0.0015913,0.0047739,0.0015913
599,118258,0.9107,0.43734,0.81637,0.91126,0.85844,0.89699,0.61475,1.04784,0.46371,0.84172,0.00473226,0.00157742,0.00473226,0.00157742,0.00473226,0.00157742,0.00473226,0.00157742
600,118448,0.90256,0.43525,0.81637,0.91167,0.85813,0.89777,0.6151,1.04785,0.46357,0.84164,0.00469078,0.00156359,0.00469078,0.00156359,0.00469078,0.00156359,0.00469078,0.00156359
601,118636,0.904,0.43592,0.81658,0.91299,0.85927,0.89776,0.61569,1.04674,0.46357,0.84152,0.00464946,0.00154982,0.00464946,0.00154982,0.00464946,0.00154982,0.00464946,0.00154982
602,118817,0.90558,0.4333,0.81541,0.91138,0.85975,0.89749,0.61555,1.04731,0.46328,0.84149,0.00460831,0.0015361,0.00460831,0.0015361,0.00460831,0.0015361,0.00460831,0.0015361
603,118992,0.91141,0.43716,0.8167,0.91207,0.85898,0.89723,0.61546,1.0472,0.46338,0.84145,0.00456732,0.00152244,0.00456732,0.00152244,0.00456732,0.00152244,0.00456732,0.00152244
604,119176,0.90441,0.43278,0.81515,0.9134,0.85947,0.89792,0.61537,1.04696,0.46297,0.8414,0.00452649,0.00150883,0.00452649,0.00150883,0.00452649,0.00150883,0.00452649,0.00150883
605,119369,0.8968,0.43314,0.81614,0.91333,0.85913,0.89809,0.6155,1.04694,0.46299,0.84136,0.00448582,0.00149527,0.00448582,0.00149527,0.00448582,0.00149527,0.00448582,0.00149527
606,119553,0.89412,0.43097,0.81636,0.91379,0.86012,0.89865,0.61503,1.04739,0.46295,0.84128,0.00444532,0.00148177,0.00444532,0.00148177,0.00444532,0.00148177,0.00444532,0.00148177
607,119730,0.89509,0.43042,0.81341,0.91399,0.85999,0.89876,0.61551,1.04675,0.4633,0.84121,0.00440499,0.00146833,0.00440499,0.00146833,0.00440499,0.00146833,0.00440499,0.00146833
608,119905,0.89525,0.43071,0.81443,0.91379,0.86074,0.89895,0.61564,1.04697,0.46322,0.84123,0.00436482,0.00145494,0.00436482,0.00145494,0.00436482,0.00145494,0.00436482,0.00145494
609,120092,0.89393,0.43008,0.81462,0.91663,0.85913,0.89908,0.61608,1.0469,0.46328,0.84117,0.00432482,0.00144161,0.00432482,0.00144161,0.00432482,0.00144161,0.00432482,0.00144161
610,120287,0.89355,0.42919,0.81577,0.91534,0.85846,0.89931,0.61701,1.04582,0.46247,0.84102,0.00428498,0.00142833,0.00428498,0.00142833,0.00428498,0.00142833,0.00428498,0.00142833
611,120469,0.8931,0.42852,0.81253,0.91391,0.86003,0.89957,0.61662,1.04538,0.46194,0.84092,0.00424531,0.0014151,0.00424531,0.0014151,0.00424531,0.0014151,0.00424531,0.0014151
612,120647,0.89238,0.42826,0.81415,0.91324,0.8606,0.89865,0.6169,1.04448,0.46164,0.84086,0.00420581,0.00140194,0.00420581,0.00140194,0.00420581,0.00140194,0.00420581,0.00140194
613,120825,0.88878,0.4263,0.81334,0.91599,0.85948,0.89994,0.61735,1.04334,0.46135,0.84077,0.00416648,0.00138883,0.00416648,0.00138883,0.00416648,0.00138883,0.00416648,0.00138883
614,121012,0.88232,0.42615,0.81388,0.91479,0.85966,0.8999,0.61752,1.04298,0.46095,0.84073,0.00412732,0.00137577,0.00412732,0.00137577,0.00412732,0.00137577,0.00412732,0.00137577
615,121210,0.88612,0.42383,0.81254,0.91547,0.85924,0.89999,0.61784,1.04145,0.46065,0.84066,0.00408832,0.00136277,0.00408832,0.00136277,0.00408832,0.00136277,0.00408832,0.00136277
616,121391,0.88633,0.42678,0.81317,0.91445,0.85932,0.89916,0.61763,1.04134,0.46082,0.84061,0.0040495,0.00134983,0.0040495,0.00134983,0.0040495,0.00134983,0.0040495,0.00134983
617,121568,0.88625,0.42478,0.81415,0.91546,0.85966,0.89947,0.61754,1.04159,0.46065,0.84062,0.00401085,0.00133695,0.00401085,0.00133695,0.00401085,0.00133695,0.00401085,0.00133695
618,121748,0.88163,0.42457,0.81238,0.91595,0.85984,0.89975,0.61784,1.04107,0.46031,0.84051,0.00397237,0.00132412,0.00397237,0.00132412,0.00397237,0.00132412,0.00397237,0.00132412
619,121938,0.88325,0.4236,0.81302,0.91604,0.85966,0.9002,0.61806,1.04143,0.46005,0.84057,0.00393407,0.00131136,0.00393407,0.00131136,0.00393407,0.00131136,0.00393407,0.00131136
620,122130,0.8732,0.42092,0.81192,0.91552,0.86022,0.90022,0.61823,1.04113,0.4598,0.84049,0.00389593,0.00129864,0.00389593,0.00129864,0.00389593,0.00129864,0.00389593,0.00129864
621,122311,0.87402,0.42177,0.81246,0.91531,0.85981,0.9,0.61817,1.04156,0.45965,0.84057,0.00385797,0.00128599,0.00385797,0.00128599,0.00385797,0.00128599,0.00385797,0.00128599
622,122488,0.87873,0.42203,0.81147,0.91587,0.85985,0.90004,0.61814,1.04196,0.46005,0.84058,0.00382019,0.0012734,0.00382019,0.0012734,0.00382019,0.0012734,0.00382019,0.0012734
623,122671,0.87,0.41947,0.81128,0.91552,0.86017,0.89982,0.61839,1.04162,0.45988,0.84055,0.00378257,0.00126086,0.00378257,0.00126086,0.00378257,0.00126086,0.00378257,0.00126086
624,122860,0.87032,0.42505,0.8112,0.91552,0.86035,0.90014,0.61744,1.04243,0.46002,0.84062,0.00374514,0.00124838,0.00374514,0.00124838,0.00374514,0.00124838,0.00374514,0.00124838
625,123049,0.87721,0.42162,0.81156,0.91522,0.86182,0.90033,0.61813,1.04183,0.45968,0.84053,0.00370788,0.00123596,0.00370788,0.00123596,0.00370788,0.00123596,0.00370788,0.00123596
626,123227,0.8702,0.41864,0.81411,0.91535,0.86233,0.90065,0.61839,1.04165,0.45949,0.84051,0.00367079,0.0012236,0.00367079,0.0012236,0.00367079,0.0012236,0.00367079,0.0012236
627,123401,0.86814,0.41799,0.81295,0.91708,0.86205,0.90119,0.61822,1.04137,0.45951,0.84054,0.00363389,0.0012113,0.00363389,0.0012113,0.00363389,0.0012113,0.00363389,0.0012113
628,123584,0.87142,0.41983,0.81423,0.91679,0.86169,0.90107,0.6188,1.04063,0.45896,0.84049,0.00359716,0.00119905,0.00359716,0.00119905,0.00359716,0.00119905,0.00359716,0.00119905
629,123777,0.8658,0.41841,0.80995,0.91735,0.86244,0.90088,0.6186,1.04103,0.45924,0.84046,0.00356061,0.00118687,0.00356061,0.00118687,0.00356061,0.00118687,0.00356061,0.00118687
630,123964,0.86934,0.41697,0.81197,0.91789,0.86174,0.90128,0.61913,1.04089,0.45945,0.84048,0.00352424,0.00117475,0.00352424,0.00117475,0.00352424,0.00117475,0.00352424,0.00117475
631,124142,0.85688,0.41134,0.81206,0.91694,0.86432,0.90284,0.61979,1.03994,0.45913,0.84042,0.00348804,0.00116268,0.00348804,0.00116268,0.00348804,0.00116268,0.00348804,0.00116268
632,124315,0.85851,0.41423,0.81136,0.91957,0.86343,0.90232,0.61946,1.03981,0.45877,0.84044,0.00345203,0.00115068,0.00345203,0.00115068,0.00345203,0.00115068,0.00345203,0.00115068
633,124502,0.85991,0.41399,0.81283,0.91841,0.86373,0.90248,0.62015,1.03865,0.4585,0.84035,0.0034162,0.00113873,0.0034162,0.00113873,0.0034162,0.00113873,0.0034162,0.00113873
634,124696,0.85501,0.41405,0.80895,0.91741,0.86403,0.90248,0.62038,1.03818,0.45837,0.84037,0.00338055,0.00112685,0.00338055,0.00112685,0.00338055,0.00112685,0.00338055,0.00112685
635,124884,0.85568,0.41204,0.80943,0.91583,0.86452,0.90225,0.62056,1.03796,0.45811,0.84028,0.00334508,0.00111503,0.00334508,0.00111503,0.00334508,0.00111503,0.00334508,0.00111503
636,125061,0.84905,0.4097,0.81101,0.91416,0.86504,0.90231,0.62012,1.039,0.45812,0.84035,0.00330979,0.00110326,0.00330979,0.00110326,0.00330979,0.00110326,0.00330979,0.00110326
637,125236,0.85263,0.40983,0.80978,0.91344,0.86499,0.90222,0.62025,1.03914,0.45805,0.84034,0.00327468,0.00109156,0.00327468,0.00109156,0.00327468,0.00109156,0.00327468,0.00109156
638,125425,0.85292,0.41364,0.81043,0.91451,0.86512,0.90286,0.62026,1.03859,0.45747,0.84039,0.00323976,0.00107992,0.00323976,0.00107992,0.00323976,0.00107992,0.00323976,0.00107992
639,125616,0.84791,0.40924,0.80979,0.91881,0.8629,0.90275,0.62006,1.03919,0.4573,0.84037,0.00320502,0.00106834,0.00320502,0.00106834,0.00320502,0.00106834,0.00320502,0.00106834
640,125799,0.85331,0.41432,0.81055,0.91574,0.86459,0.90274,0.62019,1.03866,0.45734,0.84043,0.00317047,0.00105682,0.00317047,0.00105682,0.00317047,0.00105682,0.00317047,0.00105682
641,125972,0.84705,0.40809,0.80902,0.91781,0.86384,0.90323,0.62067,1.03843,0.45727,0.84036,0.0031361,0.00104537,0.0031361,0.00104537,0.0031361,0.00104537,0.0031361,0.00104537
642,126148,0.84511,0.40811,0.81042,0.91782,0.86357,0.9031,0.62045,1.03879,0.45723,0.84034,0.00310191,0.00103397,0.00310191,0.00103397,0.00310191,0.00103397,0.00310191,0.00103397
643,126340,0.84422,0.40556,0.80798,0.91865,0.86285,0.90321,0.621,1.0382,0.45719,0.84034,0.00306791,0.00102264,0.00306791,0.00102264,0.00306791,0.00102264,0.00306791,0.00102264
644,126529,0.83589,0.40475,0.80904,0.91887,0.86275,0.90376,0.62108,1.0385,0.45695,0.84036,0.0030341,0.00101137,0.0030341,0.00101137,0.0030341,0.00101137,0.0030341,0.00101137
645,126710,0.84368,0.40902,0.80776,0.91919,0.86367,0.90388,0.62081,1.03922,0.45695,0.8404,0.00300048,0.00100016,0.00300048,0.00100016,0.00300048,0.00100016,0.00300048,0.00100016
646,126883,0.84014,0.40608,0.80984,0.91843,0.86398,0.9041,0.62126,1.03922,0.45727,0.84034,0.00296704,0.000989013,0.00296704,0.000989013,0.00296704,0.000989013,0.00296704,0.000989013
647,127061,0.83709,0.40493,0.80859,0.91844,0.8645,0.90456,0.62133,1.03919,0.4569,0.84035,0.00293379,0.000977929,0.00293379,0.000977929,0.00293379,0.000977929,0.00293379,0.000977929
648,127251,0.83637,0.40372,0.80586,0.92083,0.86361,0.90433,0.62147,1.03894,0.45677,0.8403,0.00290073,0.000966909,0.00290073,0.000966909,0.00290073,0.000966909,0.00290073,0.000966909
649,127439,0.84057,0.40393,0.80965,0.92109,0.8638,0.90504,0.62199,1.03805,0.45657,0.8403,0.00286785,0.000955951,0.00286785,0.000955951,0.00286785,0.000955951,0.00286785,0.000955951
650,127618,0.83628,0.40427,0.80796,0.92154,0.86416,0.9053,0.62195,1.03766,0.45646,0.84032,0.00283517,0.000945057,0.00283517,0.000945057,0.00283517,0.000945057,0.00283517,0.000945057
651,127789,0.82803,0.39928,0.80764,0.92328,0.86435,0.90523,0.62219,1.03772,0.45609,0.84028,0.00280268,0.000934225,0.00280268,0.000934225,0.00280268,0.000934225,0.00280268,0.000934225
652,127972,0.82874,0.40047,0.80924,0.92284,0.86405,0.90539,0.62183,1.03754,0.45609,0.84035,0.00277037,0.000923458,0.00277037,0.000923458,0.00277037,0.000923458,0.00277037,0.000923458
653,128163,0.82949,0.40064,0.80618,0.9221,0.86374,0.90495,0.62243,1.03653,0.45601,0.84028,0.00273826,0.000912754,0.00273826,0.000912754,0.00273826,0.000912754,0.00273826,0.000912754
654,128347,0.82901,0.40056,0.80774,0.92241,0.8636,0.90501,0.62219,1.0368,0.45597,0.8403,0.00270634,0.000902113,0.00270634,0.000902113,0.00270634,0.000902113,0.00270634,0.000902113
655,128524,0.8261,0.39896,0.80695,0.92368,0.8642,0.90532,0.62245,1.03618,0.4556,0.84025,0.00267461,0.000891537,0.00267461,0.000891537,0.00267461,0.000891537,0.00267461,0.000891537
656,128699,0.82308,0.39814,0.80699,0.92295,0.8644,0.90491,0.62255,1.03622,0.45578,0.84031,0.00264307,0.000881025,0.00264307,0.000881025,0.00264307,0.000881025,0.00264307,0.000881025
657,128884,0.82423,0.39926,0.80819,0.92201,0.8648,0.90468,0.62253,1.03639,0.45573,0.84037,0.00261173,0.000870577,0.00261173,0.000870577,0.00261173,0.000870577,0.00261173,0.000870577
658,129076,0.82714,0.39983,0.80641,0.92202,0.86523,0.90489,0.62271,1.03618,0.45535,0.8404,0.00258058,0.000860193,0.00258058,0.000860193,0.00258058,0.000860193,0.00258058,0.000860193
659,129256,0.82051,0.39698,0.80534,0.92412,0.86518,0.90594,0.62249,1.03608,0.4549,0.84043,0.00254962,0.000849874,0.00254962,0.000849874,0.00254962,0.000849874,0.00254962,0.000849874
660,129431,0.82492,0.39759,0.80544,0.92609,0.86394,0.90571,0.62268,1.03545,0.45478,0.84038,0.00251886,0.00083962,0.00251886,0.00083962,0.00251886,0.00083962,0.00251886,0.00083962
661,129609,0.82432,0.39805,0.80759,0.92557,0.86402,0.90598,0.6229,1.03435,0.4547,0.84036,0.00248829,0.000829431,0.00248829,0.000829431,0.00248829,0.000829431,0.00248829,0.000829431
662,129795,0.81782,0.39351,0.80715,0.92607,0.86452,0.90646,0.62307,1.03411,0.45429,0.84035,0.00245792,0.000819307,0.00245792,0.000819307,0.00245792,0.000819307,0.00245792,0.000819307
663,129986,0.81519,0.39355,0.80578,0.92578,0.86577,0.90636,0.62342,1.0331,0.45433,0.84027,0.00242774,0.000809248,0.00242774,0.000809248,0.00242774,0.000809248,0.00242774,0.000809248
664,130165,0.81138,0.39216,0.80542,0.92624,0.86504,0.90612,0.62328,1.0332,0.45356,0.84025,0.00239776,0.000799255,0.00239776,0.000799255,0.00239776,0.000799255,0.00239776,0.000799255
665,130339,0.81498,0.39739,0.80545,0.92543,0.86655,0.90679,0.62345,1.0335,0.4539,0.84028,0.00236798,0.000789327,0.00236798,0.000789327,0.00236798,0.000789327,0.00236798,0.000789327
666,130519,0.81043,0.39282,0.80702,0.92633,0.86588,0.90673,0.62352,1.03311,0.45394,0.84027,0.00233839,0.000779465,0.00233839,0.000779465,0.00233839,0.000779465,0.00233839,0.000779465
667,130708,0.81348,0.394,0.80517,0.92647,0.86605,0.90692,0.62356,1.03294,0.45385,0.84028,0.00230901,0.000769668,0.00230901,0.000769668,0.00230901,0.000769668,0.00230901,0.000769668
668,130897,0.80592,0.39025,0.806,0.92631,0.86677,0.9069,0.62379,1.03287,0.45361,0.84031,0.00227981,0.000759938,0.00227981,0.000759938,0.00227981,0.000759938,0.00227981,0.000759938
669,131073,0.80698,0.39086,0.80401,0.92699,0.86717,0.90711,0.62422,1.0319,0.45327,0.84031,0.00225082,0.000750274,0.00225082,0.000750274,0.00225082,0.000750274,0.00225082,0.000750274
670,131246,0.81056,0.39165,0.8073,0.92639,0.86684,0.90696,0.62438,1.03182,0.45341,0.84026,0.00222203,0.000740676,0.00222203,0.000740676,0.00222203,0.000740676,0.00222203,0.000740676
671,131431,0.80648,0.38971,0.80543,0.92651,0.86749,0.90771,0.6242,1.03227,0.45317,0.84032,0.00219343,0.000731145,0.00219343,0.000731145,0.00219343,0.000731145,0.00219343,0.000731145
672,131619,0.80561,0.3895,0.80405,0.92577,0.86735,0.90807,0.62391,1.03227,0.45347,0.84032,0.00216504,0.00072168,0.00216504,0.00072168,0.00216504,0.00072168,0.00216504,0.00072168
673,131805,0.80723,0.39086,0.80388,0.92486,0.86758,0.90826,0.62415,1.03215,0.45299,0.84023,0.00213685,0.000712282,0.00213685,0.000712282,0.00213685,0.000712282,0.00213685,0.000712282
674,131979,0.80214,0.39068,0.80411,0.92351,0.86704,0.90784,0.62412,1.03215,0.45324,0.84026,0.00210885,0.000702951,0.00210885,0.000702951,0.00210885,0.000702951,0.00210885,0.000702951
675,132152,0.79675,0.38698,0.80573,0.92435,0.86701,0.90809,0.62451,1.03259,0.45348,0.84023,0.00208106,0.000693687,0.00208106,0.000693687,0.00208106,0.000693687,0.00208106,0.000693687
676,132339,0.79771,0.38552,0.80326,0.92479,0.86688,0.90773,0.62438,1.03197,0.45273,0.84022,0.00205347,0.00068449,0.00205347,0.00068449,0.00205347,0.00068449,0.00205347,0.00068449
677,132528,0.80409,0.39008,0.80383,0.92274,0.86726,0.90757,0.62448,1.03196,0.45267,0.84019,0.00202608,0.00067536,0.00202608,0.00067536,0.00202608,0.00067536,0.00202608,0.00067536
678,132709,0.79646,0.38765,0.80482,0.92363,0.86708,0.90765,0.62462,1.03175,0.4526,0.84017,0.00199889,0.000666298,0.00199889,0.000666298,0.00199889,0.000666298,0.00199889,0.000666298
679,132880,0.79463,0.38583,0.80196,0.92358,0.86686,0.90777,0.62455,1.03212,0.45243,0.84023,0.00197191,0.000657303,0.00197191,0.000657303,0.00197191,0.000657303,0.00197191,0.000657303
680,133057,0.79432,0.38462,0.80445,0.92245,0.86657,0.90787,0.62463,1.03143,0.45217,0.84025,0.00194513,0.000648377,0.00194513,0.000648377,0.00194513,0.000648377,0.00194513,0.000648377
681,133245,0.79914,0.38709,0.80493,0.92434,0.86544,0.9069,0.62499,1.03075,0.45202,0.84018,0.00191855,0.000639518,0.00191855,0.000639518,0.00191855,0.000639518,0.00191855,0.000639518
682,133433,0.79293,0.38538,0.80325,0.9212,0.86691,0.90708,0.62518,1.03019,0.45192,0.84018,0.00189218,0.000630727,0.00189218,0.000630727,0.00189218,0.000630727,0.00189218,0.000630727
683,133609,0.79413,0.38566,0.80421,0.92179,0.86724,0.90795,0.62531,1.02959,0.45156,0.84016,0.00186601,0.000622004,0.00186601,0.000622004,0.00186601,0.000622004,0.00186601,0.000622004
684,133779,0.79448,0.38307,0.80362,0.92271,0.86759,0.90792,0.62576,1.02942,0.4516,0.84016,0.00184005,0.00061335,0.00184005,0.00061335,0.00184005,0.00061335,0.00184005,0.00061335
685,133960,0.7897,0.38194,0.80522,0.92168,0.86796,0.9079,0.62599,1.02863,0.4513,0.84022,0.00181429,0.000604763,0.00181429,0.000604763,0.00181429,0.000604763,0.00181429,0.000604763
686,134149,0.79349,0.38305,0.79979,0.92774,0.86561,0.90753,0.6261,1.02816,0.45132,0.84023,0.00178874,0.000596246,0.00178874,0.000596246,0.00178874,0.000596246,0.00178874,0.000596246
687,134328,0.78948,0.37986,0.80506,0.92634,0.86632,0.90766,0.62593,1.02858,0.45101,0.84036,0.00176339,0.000587797,0.00176339,0.000587797,0.00176339,0.000587797,0.00176339,0.000587797
688,134497,0.79129,0.38293,0.80276,0.92664,0.86737,0.90866,0.62624,1.0276,0.45072,0.84034,0.00173825,0.000579417,0.00173825,0.000579417,0.00173825,0.000579417,0.00173825,0.000579417
689,134675,0.78192,0.37837,0.80216,0.92762,0.86543,0.90805,0.6261,1.02742,0.45017,0.84036,0.00171332,0.000571106,0.00171332,0.000571106,0.00171332,0.000571106,0.00171332,0.000571106
690,134859,0.78402,0.37753,0.80164,0.92793,0.86568,0.90875,0.62641,1.02719,0.44984,0.84036,0.00168859,0.000562864,0.00168859,0.000562864,0.00168859,0.000562864,0.00168859,0.000562864
691,135041,0.78286,0.37907,0.80433,0.92675,0.8671,0.90903,0.62699,1.02658,0.44979,0.84042,0.00166407,0.000554691,0.00166407,0.000554691,0.00166407,0.000554691,0.00166407,0.000554691
692,135217,0.77799,0.37807,0.80503,0.92878,0.86587,0.9095,0.62706,1.02676,0.44941,0.84041,0.00163976,0.000546588,0.00163976,0.000546588,0.00163976,0.000546588,0.00163976,0.000546588
693,135386,0.78369,0.379,0.80182,0.92491,0.8675,0.90924,0.62635,1.02673,0.44941,0.84044,0.00161566,0.000538554,0.00161566,0.000538554,0.00161566,0.000538554,0.00161566,0.000538554
694,135567,0.77963,0.37825,0.80157,0.92459,0.86755,0.90942,0.62694,1.0266,0.44943,0.84046,0.00159177,0.000530589,0.00159177,0.000530589,0.00159177,0.000530589,0.00159177,0.000530589
695,135756,0.77466,0.37646,0.80335,0.92366,0.86711,0.90881,0.62676,1.02696,0.44909,0.8405,0.00156808,0.000522695,0.00156808,0.000522695,0.00156808,0.000522695,0.00156808,0.000522695
696,135932,0.77248,0.37548,0.80165,0.92455,0.86714,0.90897,0.62633,1.02693,0.44897,0.84061,0.00154461,0.00051487,0.00154461,0.00051487,0.00154461,0.00051487,0.00154461,0.00051487
697,136097,0.77403,0.37535,0.80215,0.92415,0.86736,0.90874,0.6263,1.0276,0.44893,0.84063,0.00152134,0.000507115,0.00152134,0.000507115,0.00152134,0.000507115,0.00152134,0.000507115
698,136276,0.77075,0.37637,0.80152,0.9243,0.86707,0.90836,0.62645,1.02661,0.44848,0.84054,0.00149829,0.00049943,0.00149829,0.00049943,0.00149829,0.00049943,0.00149829,0.00049943
699,136460,0.77269,0.3741,0.80278,0.92578,0.86716,0.90937,0.62645,1.02651,0.44863,0.84049,0.00147544,0.000491815,0.00147544,0.000491815,0.00147544,0.000491815,0.00147544,0.000491815
700,136638,0.77534,0.37588,0.80227,0.92553,0.86616,0.90923,0.62644,1.02609,0.44832,0.84046,0.00145281,0.00048427,0.00145281,0.00048427,0.00145281,0.00048427,0.00145281,0.00048427
701,136808,0.77644,0.37613,0.8013,0.92586,0.86749,0.91029,0.62727,1.02522,0.44784,0.84038,0.00143039,0.000476796,0.00143039,0.000476796,0.00143039,0.000476796,0.00143039,0.000476796
702,136982,0.7693,0.37276,0.80192,0.9273,0.86624,0.91008,0.62726,1.02498,0.44775,0.84033,0.00140818,0.000469393,0.00140818,0.000469393,0.00140818,0.000469393,0.00140818,0.000469393
703,137163,0.76717,0.37226,0.80008,0.92701,0.86589,0.90923,0.62723,1.02474,0.44751,0.84034,0.00138618,0.00046206,0.00138618,0.00046206,0.00138618,0.00046206,0.00138618,0.00046206
704,137346,0.76721,0.37181,0.80019,0.92774,0.86509,0.90931,0.62709,1.0245,0.44765,0.84033,0.00136439,0.000454798,0.00136439,0.000454798,0.00136439,0.000454798,0.00136439,0.000454798
705,137519,0.76942,0.37237,0.80174,0.92696,0.86474,0.90821,0.62693,1.02438,0.44745,0.84038,0.00134282,0.000447606,0.00134282,0.000447606,0.00134282,0.000447606,0.00134282,0.000447606
706,137693,0.76682,0.37237,0.80113,0.92852,0.86436,0.90865,0.6273,1.02406,0.44746,0.84032,0.00132146,0.000440486,0.00132146,0.000440486,0.00132146,0.000440486,0.00132146,0.000440486
707,137875,0.77175,0.37341,0.80094,0.9276,0.86435,0.90809,0.62754,1.02324,0.44709,0.84031,0.00130031,0.000433437,0.00130031,0.000433437,0.00130031,0.000433437,0.00130031,0.000433437
708,138061,0.76178,0.37027,0.80056,0.92802,0.86412,0.90793,0.62735,1.02291,0.44714,0.84023,0.00127938,0.000426459,0.00127938,0.000426459,0.00127938,0.000426459,0.00127938,0.000426459
709,138240,0.76191,0.36881,0.79926,0.92746,0.86457,0.90833,0.62736,1.02232,0.44671,0.84027,0.00125866,0.000419552,0.00125866,0.000419552,0.00125866,0.000419552,0.00125866,0.000419552
710,138410,0.76463,0.37045,0.80047,0.92923,0.86407,0.90832,0.62745,1.02218,0.44673,0.84029,0.00123815,0.000412717,0.00123815,0.000412717,0.00123815,0.000412717,0.00123815,0.000412717
711,138588,0.75903,0.36952,0.79994,0.93157,0.86231,0.90789,0.6277,1.02184,0.44645,0.84028,0.00121786,0.000405953,0.00121786,0.000405953,0.00121786,0.000405953,0.00121786,0.000405953
712,138778,0.75897,0.3695,0.79978,0.93115,0.86274,0.90808,0.62764,1.02187,0.44623,0.84032,0.00119778,0.000399261,0.00119778,0.000399261,0.00119778,0.000399261,0.00119778,0.000399261
713,138960,0.75317,0.36655,0.79822,0.9298,0.86282,0.9078,0.62801,1.02109,0.4462,0.84024,0.00117792,0.00039264,0.00117792,0.00039264,0.00117792,0.00039264,0.00117792,0.00039264
714,139132,0.75511,0.36602,0.79804,0.93062,0.86439,0.90897,0.62814,1.02087,0.44592,0.84026,0.00115827,0.000386092,0.00115827,0.000386092,0.00115827,0.000386092,0.00115827,0.000386092
715,139308,0.76298,0.37141,0.79972,0.93048,0.86416,0.90896,0.62805,1.02129,0.44575,0.8403,0.00113884,0.000379615,0.00113884,0.000379615,0.00113884,0.000379615,0.00113884,0.000379615
716,139491,0.7533,0.36647,0.7988,0.93027,0.86415,0.90945,0.62824,1.0212,0.4458,0.84034,0.00111963,0.00037321,0.00111963,0.00037321,0.00111963,0.00037321,0.00111963,0.00037321
717,139680,0.75653,0.36719,0.79837,0.92976,0.86304,0.90836,0.62766,1.02137,0.44582,0.84039,0.00110063,0.000366877,0.00110063,0.000366877,0.00110063,0.000366877,0.00110063,0.000366877
718,139858,0.75593,0.36657,0.80193,0.93051,0.86279,0.90883,0.62807,1.02165,0.44549,0.84055,0.00108185,0.000360617,0.00108185,0.000360617,0.00108185,0.000360617,0.00108185,0.000360617
719,140026,0.75639,0.36668,0.79954,0.93023,0.86294,0.9085,0.62808,1.0215,0.44532,0.84059,0.00106329,0.000354429,0.00106329,0.000354429,0.00106329,0.000354429,0.00106329,0.000354429
720,140208,0.75723,0.36826,0.79965,0.93003,0.86275,0.9081,0.62804,1.02115,0.44525,0.84059,0.00104494,0.000348313,0.00104494,0.000348313,0.00104494,0.000348313,0.00104494,0.000348313
721,140395,0.74983,0.36378,0.79971,0.93117,0.86281,0.90927,0.62827,1.02102,0.44545,0.8406,0.00102681,0.00034227,0.00102681,0.00034227,0.00102681,0.00034227,0.00102681,0.00034227
722,140573,0.75442,0.36462,0.79909,0.93131,0.86323,0.90939,0.62851,1.02076,0.44504,0.84064,0.0010089,0.0003363,0.0010089,0.0003363,0.0010089,0.0003363,0.0010089,0.0003363
723,140750,0.75356,0.36658,0.79898,0.9313,0.86318,0.90937,0.62863,1.01998,0.4448,0.84062,0.000991206,0.000330402,0.000991206,0.000330402,0.000991206,0.000330402,0.000991206,0.000330402
724,140924,0.75223,0.36544,0.80152,0.9308,0.86261,0.90903,0.62884,1.01969,0.44459,0.84066,0.00097373,0.000324577,0.00097373,0.000324577,0.00097373,0.000324577,0.00097373,0.000324577
725,141110,0.75062,0.36415,0.79979,0.93101,0.86298,0.90942,0.62869,1.01958,0.44487,0.84068,0.000956474,0.000318825,0.000956474,0.000318825,0.000956474,0.000318825,0.000956474,0.000318825
726,141298,0.749,0.36274,0.79843,0.93119,0.86386,0.90963,0.62857,1.02019,0.44501,0.84076,0.000939436,0.000313145,0.000939436,0.000313145,0.000939436,0.000313145,0.000939436,0.000313145
727,141476,0.74575,0.36334,0.79825,0.9313,0.86439,0.90972,0.62875,1.02069,0.44525,0.84085,0.000922617,0.000307539,0.000922617,0.000307539,0.000922617,0.000307539,0.000922617,0.000307539
728,141652,0.74945,0.36638,0.79948,0.93118,0.86405,0.90981,0.62894,1.02052,0.44556,0.84085,0.000906018,0.000302006,0.000906018,0.000302006,0.000906018,0.000302006,0.000906018,0.000302006
729,141832,0.7461,0.36361,0.80127,0.93199,0.86415,0.9106,0.62897,1.02083,0.4456,0.84082,0.000889639,0.000296546,0.000889639,0.000296546,0.000889639,0.000296546,0.000889639,0.000296546
730,142020,0.74375,0.36035,0.79958,0.93163,0.86368,0.90977,0.62829,1.02132,0.44572,0.84087,0.000873479,0.00029116,0.000873479,0.00029116,0.000873479,0.00029116,0.000873479,0.00029116
731,142207,0.7449,0.36134,0.79786,0.93153,0.86422,0.9105,0.62886,1.0211,0.44531,0.84094,0.00085754,0.000285847,0.00085754,0.000285847,0.00085754,0.000285847,0.00085754,0.000285847
732,142385,0.74119,0.35957,0.79868,0.93246,0.86508,0.91091,0.6286,1.02167,0.44561,0.84102,0.000841821,0.000280607,0.000841821,0.000280607,0.000841821,0.000280607,0.000841821,0.000280607
733,142561,0.74236,0.36071,0.79815,0.93275,0.86362,0.91064,0.6286,1.02173,0.44533,0.84104,0.000826322,0.000275441,0.000826322,0.000275441,0.000826322,0.000275441,0.000826322,0.000275441
734,142745,0.74327,0.3615,0.79832,0.93291,0.86313,0.91042,0.62856,1.02229,0.44586,0.84103,0.000811045,0.000270348,0.000811045,0.000270348,0.000811045,0.000270348,0.000811045,0.000270348
735,142935,0.74006,0.35967,0.79903,0.93293,0.86327,0.91022,0.6282,1.02209,0.44538,0.8411,0.000795988,0.000265329,0.000795988,0.000265329,0.000795988,0.000265329,0.000795988,0.000265329
736,143120,0.74108,0.36172,0.79731,0.93151,0.86495,0.91042,0.62853,1.02156,0.44553,0.84108,0.000781153,0.000260384,0.000781153,0.000260384,0.000781153,0.000260384,0.000781153,0.000260384
737,143295,0.73735,0.36103,0.79776,0.93173,0.8638,0.91019,0.62845,1.02207,0.44554,0.84104,0.00076654,0.000255513,0.00076654,0.000255513,0.00076654,0.000255513,0.00076654,0.000255513
738,143472,0.73619,0.35961,0.79801,0.93156,0.86454,0.91044,0.62853,1.02208,0.4454,0.84107,0.000752148,0.000250716,0.000752148,0.000250716,0.000752148,0.000250716,0.000752148,0.000250716
739,143661,0.73685,0.35924,0.79961,0.93087,0.86383,0.90941,0.62848,1.02212,0.44538,0.84115,0.000737979,0.000245993,0.000737979,0.000245993,0.000737979,0.000245993,0.000737979,0.000245993
740,143851,0.73621,0.35606,0.79996,0.93035,0.86436,0.90943,0.62853,1.02222,0.4452,0.84122,0.000724032,0.000241344,0.000724032,0.000241344,0.000724032,0.000241344,0.000724032,0.000241344
741,144032,0.73299,0.35759,0.79928,0.93004,0.86394,0.90918,0.6283,1.02304,0.44591,0.84125,0.000710307,0.000236769,0.000710307,0.000236769,0.000710307,0.000236769,0.000710307,0.000236769
742,144206,0.73963,0.35867,0.79889,0.93064,0.86372,0.90926,0.6281,1.02354,0.44548,0.8413,0.000696804,0.000232268,0.000696804,0.000232268,0.000696804,0.000232268,0.000696804,0.000232268
743,144385,0.73676,0.3584,0.79708,0.92965,0.86427,0.909,0.62834,1.02336,0.44574,0.84133,0.000683525,0.000227842,0.000683525,0.000227842,0.000683525,0.000227842,0.000683525,0.000227842
744,144578,0.74021,0.35852,0.79952,0.92862,0.86567,0.90912,0.6281,1.02351,0.44553,0.84135,0.000670469,0.00022349,0.000670469,0.00022349,0.000670469,0.00022349,0.000670469,0.00022349
745,144764,0.73263,0.35558,0.79817,0.92812,0.86489,0.9083,0.62802,1.02347,0.44538,0.84139,0.000657636,0.000219212,0.000657636,0.000219212,0.000657636,0.000219212,0.000657636,0.000219212
746,144945,0.7327,0.35716,0.79714,0.92804,0.86514,0.9081,0.62806,1.02338,0.44571,0.84135,0.000645027,0.000215009,0.000645027,0.000215009,0.000645027,0.000215009,0.000645027,0.000215009
747,145119,0.73042,0.35483,0.79885,0.92875,0.86383,0.90825,0.62823,1.02356,0.44567,0.84139,0.000632641,0.00021088,0.000632641,0.00021088,0.000632641,0.00021088,0.000632641,0.00021088
748,145303,0.72445,0.35551,0.79755,0.92867,0.86386,0.90808,0.62789,1.0243,0.44604,0.84146,0.000620479,0.000206826,0.000620479,0.000206826,0.000620479,0.000206826,0.000620479,0.000206826
749,145497,0.72865,0.35552,0.79949,0.92723,0.86299,0.90725,0.62767,1.02528,0.44639,0.84147,0.000608541,0.000202847,0.000608541,0.000202847,0.000608541,0.000202847,0.000608541,0.000202847
750,145683,0.73541,0.35751,0.79817,0.92774,0.86325,0.90667,0.62755,1.02568,0.44655,0.84148,0.000596828,0.000198943,0.000596828,0.000198943,0.000596828,0.000198943,0.000596828,0.000198943
751,145862,0.72928,0.35542,0.79815,0.92773,0.86362,0.90711,0.62766,1.02569,0.44719,0.8415,0.000585339,0.000195113,0.000585339,0.000195113,0.000585339,0.000195113,0.000585339,0.000195113
752,146037,0.7313,0.35578,0.79759,0.92809,0.86339,0.90707,0.62757,1.02608,0.44715,0.84156,0.000574074,0.000191358,0.000574074,0.000191358,0.000574074,0.000191358,0.000574074,0.000191358
753,146222,0.72751,0.35461,0.79855,0.92651,0.86341,0.90656,0.62717,1.0269,0.44771,0.84163,0.000563034,0.000187678,0.000563034,0.000187678,0.000563034,0.000187678,0.000563034,0.000187678
754,146416,0.72905,0.3552,0.79952,0.92701,0.86391,0.90698,0.62728,1.02759,0.44788,0.84174,0.00055222,0.000184073,0.00055222,0.000184073,0.00055222,0.000184073,0.00055222,0.000184073
755,146598,0.72897,0.35369,0.79878,0.92743,0.86367,0.90638,0.62722,1.02779,0.44835,0.84176,0.00054163,0.000180543,0.00054163,0.000180543,0.00054163,0.000180543,0.00054163,0.000180543
756,146777,0.72512,0.35316,0.79884,0.92684,0.86298,0.90634,0.62707,1.02816,0.44852,0.84184,0.000531265,0.000177088,0.000531265,0.000177088,0.000531265,0.000177088,0.000531265,0.000177088
757,146954,0.72429,0.35351,0.79832,0.9263,0.8633,0.90664,0.62682,1.02912,0.44855,0.8419,0.000521127,0.000173709,0.000521127,0.000173709,0.000521127,0.000173709,0.000521127,0.000173709
758,147141,0.73381,0.35527,0.79644,0.92546,0.8641,0.90636,0.62655,1.02924,0.44855,0.84188,0.000511213,0.000170404,0.000511213,0.000170404,0.000511213,0.000170404,0.000511213,0.000170404
759,147335,0.72424,0.35219,0.7966,0.92598,0.86441,0.90696,0.62687,1.02945,0.44871,0.84194,0.000501526,0.000167175,0.000501526,0.000167175,0.000501526,0.000167175,0.000501526,0.000167175
760,147515,0.72175,0.35046,0.7973,0.92654,0.86489,0.90695,0.62695,1.02967,0.44904,0.84193,0.000492064,0.000164021,0.000492064,0.000164021,0.000492064,0.000164021,0.000492064,0.000164021
761,147688,0.71943,0.35152,0.79815,0.92569,0.86443,0.90681,0.62647,1.03069,0.44947,0.84202,0.000482828,0.000160943,0.000482828,0.000160943,0.000482828,0.000160943,0.000482828,0.000160943
762,147869,0.72217,0.3548,0.79697,0.92623,0.86512,0.90693,0.62643,1.03118,0.44935,0.84206,0.000473819,0.00015794,0.000473819,0.00015794,0.000473819,0.00015794,0.000473819,0.00015794
763,148059,0.72585,0.35428,0.80023,0.92585,0.86498,0.90657,0.62603,1.03213,0.45006,0.8422,0.000465035,0.000155012,0.000465035,0.000155012,0.000465035,0.000155012,0.000465035,0.000155012
764,148250,0.72264,0.35343,0.79675,0.92638,0.86517,0.90679,0.62633,1.03272,0.45046,0.84226,0.000456479,0.00015216,0.000456479,0.00015216,0.000456479,0.00015216,0.000456479,0.00015216
765,148429,0.72464,0.35107,0.79736,0.92607,0.86498,0.90679,0.62589,1.03364,0.45126,0.84232,0.000448149,0.000149383,0.000448149,0.000149383,0.000448149,0.000149383,0.000448149,0.000149383
766,148600,0.72326,0.35141,0.79874,0.925,0.86597,0.90676,0.62533,1.03426,0.45151,0.84232,0.000440045,0.000146682,0.000440045,0.000146682,0.000440045,0.000146682,0.000440045,0.000146682
767,148785,0.72321,0.35017,0.79619,0.9243,0.86528,0.90625,0.62502,1.03497,0.45141,0.84244,0.000432169,0.000144056,0.000432169,0.000144056,0.000432169,0.000144056,0.000432169,0.000144056
768,148975,0.72496,0.35306,0.79728,0.92455,0.86627,0.9069,0.62529,1.03573,0.45198,0.84249,0.000424519,0.000141506,0.000424519,0.000141506,0.000424519,0.000141506,0.000424519,0.000141506
769,149166,0.71982,0.35126,0.79591,0.92434,0.86544,0.90632,0.62503,1.03615,0.45264,0.84253,0.000417097,0.000139032,0.000417097,0.000139032,0.000417097,0.000139032,0.000417097,0.000139032
770,149350,0.71673,0.34968,0.79638,0.92505,0.86561,0.9066,0.62503,1.03612,0.45243,0.84262,0.000409901,0.000136634,0.000409901,0.000136634,0.000409901,0.000136634,0.000409901,0.000136634
771,149519,0.71516,0.35036,0.79754,0.92477,0.86541,0.90632,0.62488,1.03657,0.45267,0.84256,0.000402933,0.000134311,0.000402933,0.000134311,0.000402933,0.000134311,0.000402933,0.000134311
772,149705,0.72362,0.35162,0.79855,0.92525,0.86594,0.90636,0.62459,1.03656,0.45261,0.84266,0.000396193,0.000132064,0.000396193,0.000132064,0.000396193,0.000132064,0.000396193,0.000132064
773,149895,0.71482,0.34827,0.79537,0.92462,0.8656,0.90648,0.62428,1.03834,0.45299,0.8427,0.00038968,0.000129893,0.00038968,0.000129893,0.00038968,0.000129893,0.00038968,0.000129893
774,150083,0.7176,0.35083,0.79521,0.92514,0.86613,0.90667,0.62429,1.03834,0.4531,0.84278,0.000383394,0.000127798,0.000383394,0.000127798,0.000383394,0.000127798,0.000383394,0.000127798
775,150261,0.71872,0.35014,0.79764,0.92471,0.86594,0.906,0.62377,1.03912,0.45326,0.84281,0.000377337,0.000125779,0.000377337,0.000125779,0.000377337,0.000125779,0.000377337,0.000125779
776,150434,0.71606,0.35018,0.79607,0.92508,0.86591,0.90641,0.6237,1.0401,0.45333,0.84296,0.000371507,0.000123836,0.000371507,0.000123836,0.000371507,0.000123836,0.000371507,0.000123836
777,150622,0.71635,0.34894,0.79618,0.92441,0.86635,0.90622,0.62363,1.03997,0.45304,0.84301,0.000365905,0.000121968,0.000365905,0.000121968,0.000365905,0.000121968,0.000365905,0.000121968
778,150814,0.72062,0.35252,0.79539,0.9256,0.86596,0.90633,0.62357,1.03974,0.45303,0.84301,0.000360531,0.000120177,0.000360531,0.000120177,0.000360531,0.000120177,0.000360531,0.000120177
779,151001,0.72294,0.36203,0.79762,0.92462,0.86638,0.90603,0.62315,1.04119,0.4531,0.84313,0.000355385,0.000118462,0.000355385,0.000118462,0.000355385,0.000118462,0.000355385,0.000118462
780,151178,0.72242,0.34984,0.7984,0.92308,0.86623,0.90546,0.62326,1.04126,0.45348,0.84308,0.000350467,0.000116822,0.000350467,0.000116822,0.000350467,0.000116822,0.000350467,0.000116822
781,151353,0.71885,0.3505,0.7968,0.92382,0.86603,0.90573,0.62292,1.04164,0.45345,0.84311,0.000345778,0.000115259,0.000345778,0.000115259,0.000345778,0.000115259,0.000345778,0.000115259
782,151542,0.71145,0.3478,0.79663,0.92445,0.86558,0.90568,0.62304,1.0426,0.454,0.8432,0.000341316,0.000113772,0.000341316,0.000113772,0.000341316,0.000113772,0.000341316,0.000113772
783,151734,0.71671,0.34892,0.79638,0.925,0.86594,0.90594,0.62282,1.04242,0.45413,0.84316,0.000337083,0.000112361,0.000337083,0.000112361,0.000337083,0.000112361,0.000337083,0.000112361
784,151923,0.71151,0.34747,0.7973,0.92498,0.86582,0.90571,0.62302,1.04222,0.45401,0.84318,0.000333079,0.000111026,0.000333079,0.000111026,0.000333079,0.000111026,0.000333079,0.000111026
785,152099,0.71047,0.34699,0.79695,0.92487,0.86632,0.90585,0.62306,1.04207,0.4543,0.84315,0.000329303,0.000109768,0.000329303,0.000109768,0.000329303,0.000109768,0.000329303,0.000109768
786,152277,0.7142,0.34763,0.79677,0.92827,0.86444,0.90651,0.6233,1.04209,0.45383,0.8432,0.000325756,0.000108585,0.000325756,0.000108585,0.000325756,0.000108585,0.000325756,0.000108585
787,152467,0.71478,0.34719,0.79667,0.92667,0.86605,0.9062,0.62291,1.0425,0.45428,0.84325,0.000322437,0.000107479,0.000322437,0.000107479,0.000322437,0.000107479,0.000322437,0.000107479
788,152661,0.71351,0.35276,0.79598,0.9258,0.86616,0.90604,0.62292,1.0427,0.45395,0.8433,0.000319347,0.000106449,0.000319347,0.000106449,0.000319347,0.000106449,0.000319347,0.000106449
789,152849,0.72021,0.3499,0.7954,0.92609,0.86592,0.9063,0.62277,1.04302,0.45398,0.84334,0.000316485,0.000105495,0.000316485,0.000105495,0.000316485,0.000105495,0.000316485,0.000105495
790,153029,0.71145,0.34668,0.79645,0.92633,0.86555,0.90605,0.62293,1.04254,0.45377,0.84337,0.000313853,0.000104618,0.000313853,0.000104618,0.000313853,0.000104618,0.000313853,0.000104618
791,153206,0.71422,0.34906,0.79588,0.92637,0.86572,0.90641,0.62298,1.04261,0.45442,0.84336,0.000311449,0.000103816,0.000311449,0.000103816,0.000311449,0.000103816,0.000311449,0.000103816
792,153398,0.71097,0.34786,0.79624,0.92653,0.86529,0.90613,0.62289,1.04176,0.45388,0.84334,0.000309274,0.000103091,0.000309274,0.000103091,0.000309274,0.000103091,0.000309274,0.000103091
793,153591,0.71165,0.34898,0.79608,0.9262,0.86451,0.90602,0.62341,1.0415,0.45424,0.84332,0.000307328,0.000102443,0.000307328,0.000102443,0.000307328,0.000102443,0.000307328,0.000102443
794,153775,0.71304,0.34908,0.79587,0.92254,0.86656,0.90601,0.62304,1.04131,0.45423,0.84335,0.00030561,0.00010187,0.00030561,0.00010187,0.00030561,0.00010187,0.00030561,0.00010187
795,153949,0.71671,0.35015,0.79594,0.92377,0.86612,0.90613,0.6226,1.04219,0.45414,0.84347,0.000304122,0.000101374,0.000304122,0.000101374,0.000304122,0.000101374,0.000304122,0.000101374
796,154122,0.70944,0.34703,0.79491,0.92343,0.86736,0.90688,0.62238,1.04294,0.4539,0.84357,0.000302862,0.000100954,0.000302862,0.000100954,0.000302862,0.000100954,0.000302862,0.000100954
797,154301,0.7139,0.34732,0.7967,0.92457,0.86498,0.90607,0.62271,1.04278,0.454,0.84354,0.000301832,0.000100611,0.000301832,0.000100611,0.000301832,0.000100611,0.000301832,0.000100611
798,154476,0.71518,0.35063,0.79479,0.92531,0.86434,0.90626,0.62263,1.04349,0.45419,0.8436,0.000301031,0.000100344,0.000301031,0.000100344,0.000301031,0.000100344,0.000301031,0.000100344
799,154643,0.71687,0.35001,0.79829,0.92482,0.86498,0.90644,0.62227,1.04426,0.45447,0.84371,0.000300458,0.000100153,0.000300458,0.000100153,0.000300458,0.000100153,0.000300458,0.000100153
800,154802,0.71631,0.34817,0.79733,0.92401,0.86455,0.90602,0.62233,1.04426,0.45468,0.84373,0.000300115,0.000100038,0.000300115,0.000100038,0.000300115,0.000100038,0.000300115,0.000100038
