     0/399     1.87G   0.09515   0.01139   0.01763    0.1242        17       256    0.4402      0.15   0.06835   0.01562   0.07866  0.008485  0.007262
     1/399     10.6G   0.07464   0.01106   0.00684   0.09254        33       256     0.354    0.2019    0.1533   0.04825   0.07837  0.007645  0.005792
     2/399     12.1G    0.0726   0.01057  0.006136   0.08931        49       256    0.6026    0.2167    0.1708   0.04884   0.07398  0.007438   0.01022
     3/399     12.1G   0.07359   0.01077  0.007188   0.09155        20       256    0.5206    0.1546   0.09877   0.02661   0.08009   0.01028  0.007607
     4/399     12.2G   0.07523   0.01094  0.007666   0.09384        11       256     0.481    0.1774   0.06471   0.01893    0.0851    0.0089   0.03282
     5/399     12.2G   0.07164    0.0109  0.006362   0.08891        25       256    0.6258    0.2202    0.1876   0.05764   0.06974  0.007731  0.003506
     6/399     12.2G   0.07056   0.01083  0.005708    0.0871        27       256    0.4328    0.2532    0.2246     0.072   0.06735  0.007137  0.004004
     7/399     12.2G   0.07135   0.01075  0.007399    0.0895         7       256    0.5044   0.07977   0.06318   0.01706   0.08175  0.008566   0.01557
     8/399     12.2G   0.07123   0.01093  0.006927   0.08909        37       256    0.6634    0.2231    0.2132   0.07562   0.06888  0.007278  0.004914
     9/399     12.2G   0.06843   0.01065  0.005265   0.08434        35       256    0.7227    0.2339    0.2488   0.09079   0.06487  0.007198  0.003438
    10/399     12.2G   0.06693   0.01053   0.00426   0.08171        24       256    0.4219    0.2686    0.2148   0.07272   0.06594  0.007226  0.003068
    11/399     12.2G   0.06608   0.01044  0.003871   0.08039        21       256     0.655    0.2663    0.2569   0.08932   0.06351  0.007115  0.004726
    12/399     12.2G   0.06463   0.01039  0.003801   0.07882        30       256    0.3709     0.237    0.2444   0.09415   0.06548  0.007224  0.003439
    13/399     12.2G   0.06477    0.0104  0.003852   0.07902        20       256    0.5157     0.305    0.2916    0.1146   0.06268  0.006952   0.00321
    14/399     12.2G    0.0637   0.01025  0.003634   0.07758        32       256    0.4672     0.277    0.2659   0.09957   0.06341  0.006903  0.003906
    15/399     12.2G   0.06313   0.01026  0.003449   0.07684        35       256    0.4922    0.3151    0.3168    0.1248   0.05957   0.00687  0.002419
    16/399     12.2G   0.06214   0.01043  0.003153   0.07572        70       256    0.4388    0.3427    0.2992    0.1121   0.06081  0.006801  0.002342
    17/399     12.2G   0.06178   0.01002  0.002748   0.07455        21       256    0.5415    0.3503    0.3455    0.1354   0.05796  0.006714  0.002084
    18/399     12.2G   0.06143  0.009999  0.002636   0.07406        18       256    0.5669    0.3508    0.3523    0.1414   0.05789  0.006655    0.0019
    19/399     12.2G   0.06079   0.01007  0.002717   0.07357        63       256    0.5069    0.3684    0.3445    0.1358   0.05876  0.006939   0.00177
    20/399     12.2G   0.06036  0.009941  0.002252   0.07256        72       256     0.563    0.3849    0.3711    0.1512   0.05546  0.006541  0.001473
    21/399     12.2G   0.05918  0.009959  0.002536   0.07167        12       256      0.61    0.3928    0.3895     0.158   0.05542  0.006478  0.001465
    22/399     12.2G   0.05918   0.01003  0.002311   0.07152        28       256     0.546    0.4017    0.3848    0.1625   0.05532  0.006622  0.001512
    23/399     12.2G   0.05963  0.009998  0.003074    0.0727        10       256    0.5654    0.3964    0.3887    0.1614   0.05524  0.006554  0.001604
    24/399     12.2G   0.05894  0.009953  0.002504    0.0714        19       256    0.5258    0.4025      0.39     0.168    0.0543  0.006496  0.002106
    25/399     12.2G   0.05874  0.009807  0.002287   0.07083        18       256    0.5767    0.3992    0.3984    0.1664   0.05422  0.006383  0.001459
    26/399     12.2G   0.05811  0.009818  0.002305   0.07023        16       256    0.5748     0.424    0.4078    0.1753   0.05297  0.006424  0.001357
    27/399     12.2G   0.05851  0.009827  0.002509   0.07085        22       256    0.5873    0.4266    0.4187    0.1826   0.05347  0.006442  0.001541
    28/399     12.2G   0.05873  0.009777  0.002462   0.07097        19       256    0.6093    0.4345    0.4434    0.1986   0.05243  0.006304  0.001319
    29/399     12.2G   0.05775  0.009716  0.002186   0.06965        13       256    0.6168     0.429     0.435    0.1907   0.05233  0.006224  0.001254
    30/399     12.2G   0.05706  0.009647  0.001982   0.06869        30       256     0.565    0.4357    0.4273    0.1877   0.05213  0.006203  0.001281
    31/399     12.2G   0.05702  0.009737  0.002259   0.06901        33       256    0.5856    0.4577     0.452    0.2019   0.05151  0.006184  0.001287
    32/399     12.2G   0.05608  0.009607  0.001782   0.06747        27       256    0.5938    0.4588    0.4577    0.2077    0.0507  0.006221  0.001298
    33/399     12.2G   0.05675  0.009769  0.001939   0.06846        29       256    0.6155    0.4325    0.4389    0.1992   0.05088  0.006189  0.001498
    34/399     12.2G   0.05639  0.009647  0.002158    0.0682        23       256    0.6055    0.4519    0.4539    0.2064   0.05033  0.006073  0.001158
    35/399     12.2G   0.05607  0.009576  0.002176   0.06782        29       256     0.631    0.4497     0.443    0.1974   0.05063  0.006244  0.001198
    36/399     12.2G   0.05571  0.009574  0.001605   0.06689        17       256    0.6153    0.4658     0.466    0.2103   0.05002  0.006011  0.001195
    37/399     12.2G   0.05589  0.009706  0.002013   0.06761        25       256    0.6221    0.4598    0.4618    0.2112   0.05035  0.006079  0.001188
    38/399     12.2G   0.05484  0.009508  0.001935   0.06629        18       256    0.5926    0.4785    0.4717    0.2204   0.04901  0.005979  0.001121
    39/399     12.2G   0.05536  0.009536  0.001763   0.06666        36       256     0.656    0.4793    0.4913    0.2309   0.04854  0.005903  0.001059
    40/399     12.2G   0.05553  0.009572   0.00204   0.06714        17       256    0.6179    0.4942    0.4896    0.2294   0.04824  0.005941  0.001093
    41/399     12.2G   0.05492  0.009564   0.00198   0.06647        17       256     0.619    0.4904    0.4937    0.2304   0.04819  0.005903  0.001151
    42/399     12.2G    0.0547   0.00956  0.002183   0.06645        31       256    0.6464    0.4894    0.4953    0.2356    0.0479  0.005908  0.001104
    43/399     12.2G   0.05451  0.009371  0.001803   0.06569        20       256    0.6087    0.4988    0.4955    0.2389   0.04775  0.005872 0.0009107
    44/399     12.2G   0.05371  0.009382  0.001591   0.06468        20       256    0.6319    0.4996    0.5054    0.2451   0.04729  0.005798 0.0009793
    45/399     12.2G   0.05367  0.009293  0.001742    0.0647        28       256    0.6496    0.4985    0.5074    0.2427   0.04687  0.005811  0.001072
    46/399     12.2G   0.05343  0.009288  0.001866   0.06458        21       256    0.6801    0.4976    0.5133    0.2495   0.04673  0.005765 0.0009751
    47/399     12.2G   0.05385  0.009365  0.001901   0.06512        25       256    0.6628    0.5109     0.518    0.2505   0.04673   0.00579  0.001049
    48/399     12.2G   0.05439   0.00951  0.001946   0.06585        16       256    0.6529    0.5182     0.518    0.2519   0.04667  0.005782  0.001063
    49/399     12.2G   0.05331  0.009376  0.001631   0.06432        50       256    0.6777    0.5171    0.5253    0.2577    0.0464  0.005729 0.0009299
    50/399     12.2G   0.05362  0.009397  0.001628   0.06464         9       256    0.6708    0.5236     0.527    0.2599   0.04617  0.005723  0.000883
    51/399     12.2G   0.05339  0.009385  0.001339   0.06411        34       256    0.6719    0.5221    0.5302    0.2629    0.0459   0.00572 0.0008889
    52/399     12.2G   0.05334  0.009342  0.001736   0.06442        23       256     0.664    0.5248    0.5298    0.2624   0.04557  0.005715 0.0008559
    53/399     12.2G   0.05354  0.009367  0.001896   0.06481        18       256    0.6787    0.5245    0.5326    0.2637   0.04556  0.005702 0.0008596
    54/399     12.2G   0.05324  0.009291  0.001814   0.06435        21       256    0.6723    0.5278    0.5352    0.2657   0.04538  0.005691 0.0008722
    55/399     12.2G   0.05216  0.009294   0.00139   0.06285        19       256    0.6686    0.5305    0.5391    0.2679   0.04534  0.005667 0.0009002
    56/399     12.2G   0.05268  0.009405  0.001816    0.0639        41       256    0.6732    0.5355    0.5455    0.2712   0.04513  0.005636 0.0008768
    57/399     12.2G   0.05238  0.009132  0.001497   0.06301        23       256    0.6825    0.5404    0.5506    0.2735   0.04477  0.005621 0.0008673
    58/399     12.2G   0.05259  0.009213  0.001744   0.06355        15       256    0.6539    0.5538    0.5532    0.2732   0.04462  0.005614 0.0008306
    59/399     12.2G   0.05197  0.009245  0.001545   0.06276        45       256    0.6597    0.5565    0.5571     0.276   0.04439  0.005591 0.0008222
    60/399     12.2G   0.05194  0.009154   0.00169   0.06278        16       256    0.6925    0.5445    0.5575    0.2791   0.04418   0.00557  0.000835
    61/399     12.2G   0.05117  0.009188  0.001495   0.06186        23       256    0.6893    0.5506    0.5606    0.2815   0.04402  0.005545 0.0008281
    62/399     12.2G   0.05134  0.009085  0.001549   0.06197        45       256    0.7062    0.5487    0.5659    0.2847   0.04383  0.005521 0.0007996
    63/399     12.2G   0.05159  0.009303  0.001835   0.06272        28       256    0.7265    0.5476    0.5696    0.2869   0.04372  0.005514 0.0007829
    64/399     12.2G   0.05045  0.008993  0.001192   0.06063        33       256    0.7243    0.5512    0.5714    0.2883   0.04361  0.005496 0.0007836
    65/399     12.2G     0.051  0.009028  0.001437   0.06146        14       256     0.713    0.5533     0.572    0.2896   0.04347  0.005483 0.0007856
    66/399     12.2G   0.05022  0.009049  0.001344   0.06061        11       256    0.7116    0.5543    0.5727    0.2918   0.04333  0.005471  0.000781
    67/399     12.2G   0.05097  0.008911  0.001522    0.0614        13       256     0.681    0.5673    0.5737    0.2929   0.04323   0.00547 0.0007852
    68/399     12.2G   0.05072  0.009044  0.001359   0.06112        13       256    0.7184    0.5563    0.5774    0.2944    0.0431  0.005459 0.0007644
    69/399     12.2G   0.05048  0.009087  0.001328    0.0609        22       256    0.6597    0.5815    0.5788    0.2956   0.04301  0.005448 0.0007502
    70/399     12.2G   0.05055  0.009168    0.0018   0.06152        40       256    0.6667    0.5798    0.5795    0.2969   0.04295  0.005444 0.0007374
    71/399     12.2G    0.0501  0.009015  0.001379   0.06049        23       256    0.7085    0.5665     0.581    0.2977   0.04287  0.005436  0.000732
    72/399     12.2G   0.05036  0.009027  0.001608     0.061        20       256    0.7147    0.5664    0.5828    0.2992   0.04278  0.005428 0.0007265
    73/399     12.2G    0.0508   0.00906  0.001646    0.0615        20       256     0.679    0.5822    0.5843    0.3004   0.04271  0.005424 0.0007227
    74/399     12.2G   0.05044  0.008983  0.001434   0.06086        24       256    0.6795    0.5839    0.5843    0.3012   0.04264   0.00542 0.0007207
    75/399     12.2G   0.05007  0.009012  0.001453   0.06053        43       256    0.6819    0.5846    0.5856    0.3018   0.04259  0.005417 0.0007118
    76/399     12.2G   0.04932  0.008786  0.001366   0.05947        17       256    0.6859    0.5834    0.5863    0.3022   0.04253  0.005411  0.000704
    77/399     12.2G    0.0489    0.0088  0.001078   0.05877        11       256    0.6896    0.5837    0.5876    0.3033   0.04246  0.005404 0.0006929
    78/399     12.2G    0.0501  0.008929  0.001415   0.06045        18       256    0.6913    0.5855    0.5895    0.3039   0.04237  0.005397 0.0006856
    79/399     12.2G   0.05195  0.009413  0.002347   0.06371        28       256    0.6903    0.5861    0.5896    0.3039   0.04231  0.005402 0.0006845
    80/399     12.2G   0.05043  0.008967  0.001304    0.0607        50       256    0.6881    0.5892    0.5918    0.3045   0.04228  0.005401 0.0006821
    81/399     12.2G    0.0504  0.009223  0.001567   0.06119        39       256    0.6922    0.5886    0.5926    0.3054   0.04223  0.005401 0.0006789
    82/399     12.2G   0.04991  0.008983  0.001344   0.06023        36       256    0.6903    0.5888     0.593    0.3059   0.04219  0.005401 0.0006731
    83/399     12.2G   0.04879   0.00896  0.001391   0.05914        28       256      0.71    0.5826    0.5938    0.3065   0.04214  0.005401 0.0006651
    84/399     12.2G   0.04853  0.008804   0.00126    0.0586        20       256    0.7056    0.5854    0.5939    0.3073   0.04209  0.005396 0.0006571
    85/399     12.2G    0.0489  0.008849  0.001249     0.059        28       256    0.7098    0.5845    0.5947    0.3079   0.04203  0.005392  0.000652
    86/399     12.2G   0.04869  0.008788  0.001293   0.05877        27       256    0.7125    0.5836    0.5949     0.308   0.04198  0.005389 0.0006452
    87/399     12.2G   0.04856  0.008784   0.00108   0.05842        43       256    0.7177    0.5843     0.596    0.3088   0.04192  0.005385 0.0006411
    88/399     12.2G   0.04871  0.008669  0.001312   0.05869        24       256    0.7152    0.5854    0.5965    0.3097   0.04186  0.005378 0.0006347
    89/399     12.2G   0.04873  0.008799  0.001275    0.0588        54       256    0.7119    0.5873    0.5966    0.3108   0.04182  0.005375 0.0006305
    90/399     12.2G   0.04934  0.008899  0.001186   0.05942        31       256    0.7139    0.5884    0.5976    0.3113   0.04179  0.005372 0.0006278
    91/399     12.2G   0.04925  0.009058  0.001742   0.06005        48       256    0.7147    0.5888     0.599    0.3118   0.04174  0.005368 0.0006225
    92/399     12.2G   0.04795  0.008693  0.001226   0.05787        17       256    0.7211    0.5869    0.5998    0.3126   0.04169  0.005364 0.0006204
    93/399     12.2G   0.04849  0.008804  0.001209   0.05851        15       256    0.7033    0.5944    0.6004    0.3127   0.04164   0.00536 0.0006182
    94/399     12.2G    0.0475  0.008605  0.001025   0.05713        25       256    0.7044    0.5941    0.6003    0.3128    0.0416  0.005354 0.0006158
    95/399     12.2G   0.04796  0.008755   0.00127   0.05798        20       256    0.7116    0.5914    0.6004    0.3134   0.04155  0.005348 0.0006147
    96/399     12.2G   0.04905  0.008901  0.001547    0.0595        25       256    0.7032    0.5946    0.6009    0.3137   0.04151  0.005346 0.0006147
    97/399     12.2G   0.04867  0.008882  0.001497   0.05905         8       256    0.7014    0.5961    0.6019    0.3144   0.04148  0.005346 0.0006152
    98/399     12.2G   0.05009  0.009001  0.001979   0.06107        23       256    0.7229    0.5867    0.6013    0.3147   0.04146  0.005346 0.0006176
    99/399     12.2G   0.04847  0.008795  0.001334    0.0586        17       256    0.6993     0.596     0.602    0.3156   0.04143  0.005346 0.0006179
   100/399     12.2G   0.04752  0.008645  0.001073   0.05723        19       256    0.7179    0.5885    0.6027    0.3161   0.04139  0.005343 0.0006146
   101/399     12.2G   0.04727  0.008528  0.001094   0.05689        14       256     0.718    0.5895    0.6034    0.3168   0.04134  0.005337 0.0006118
   102/399     12.2G   0.04684  0.008505  0.001077   0.05643        22       256    0.7236    0.5896    0.6042    0.3174   0.04129  0.005332 0.0006096
   103/399     12.2G   0.04726  0.008791   0.00129   0.05734        19       256    0.7286    0.5869    0.6041    0.3175   0.04125   0.00533 0.0006084
   104/399     12.2G   0.04647  0.008557 0.0009335   0.05596        11       256     0.731    0.5866    0.6045    0.3179   0.04121  0.005325 0.0006092
   105/399     12.2G    0.0469  0.008653 0.0009992   0.05655        10       256    0.7296    0.5882    0.6052    0.3185   0.04116  0.005322 0.0006082
   106/399     12.2G    0.0473  0.008618  0.001179    0.0571        19       256     0.738    0.5866    0.6066    0.3192   0.04111  0.005317 0.0006073
   107/399     12.2G    0.0475  0.008729   0.00106   0.05729        46       256    0.7201    0.5944    0.6071    0.3195   0.04107  0.005314  0.000609
   108/399     12.2G   0.04707  0.008703 0.0009327   0.05671        33       256     0.723     0.594    0.6074      0.32   0.04102  0.005311 0.0006096
   109/399     12.2G   0.04736  0.008673  0.001287   0.05732        18       256     0.724    0.5951    0.6085    0.3207   0.04097  0.005306 0.0006082
   110/399     12.2G   0.04736   0.00875  0.001121   0.05723        19       256    0.7283    0.5939    0.6089    0.3207   0.04092  0.005303 0.0006065
   111/399     12.2G   0.04655  0.008641   0.00136   0.05655        23       256    0.7287    0.5948    0.6091    0.3214   0.04087  0.005299 0.0006044
   112/399     12.2G   0.04684  0.008624  0.001101   0.05657        26       256    0.7287    0.5944    0.6089    0.3223   0.04082  0.005293 0.0006023
   113/399     12.2G   0.04639  0.008468 0.0008947   0.05576        35       256    0.7248    0.5978      0.61    0.3236   0.04077  0.005288 0.0006011
   114/399     12.2G   0.04595  0.008402  0.001091   0.05545        21       256    0.7234    0.5978    0.6097     0.324   0.04071  0.005282 0.0006003
   115/399     12.2G   0.04603  0.008552 0.0009943   0.05558        35       256    0.7274    0.5979    0.6109    0.3245   0.04066  0.005277 0.0005983
   116/399     12.2G   0.04618  0.008363 0.0008555    0.0554        20       256    0.7282     0.597     0.611    0.3253   0.04061  0.005271 0.0005973
   117/399     12.2G   0.04823  0.008826  0.001504   0.05856        37       256    0.7342    0.5946    0.6112     0.326   0.04056  0.005264 0.0005954
   118/399     12.2G   0.04699  0.008679  0.001265   0.05694        18       256    0.7354    0.5943    0.6119    0.3262   0.04052  0.005259 0.0005944
   119/399     12.2G   0.04676  0.008576  0.001111   0.05645        37       256    0.7263     0.598    0.6125     0.327   0.04047  0.005253 0.0005932
   120/399     12.2G   0.04603  0.008558    0.0011   0.05569        35       256    0.7247    0.5981    0.6121    0.3275   0.04043  0.005245 0.0005924
   121/399     12.2G   0.04544  0.008405 0.0008894   0.05473        13       256    0.7248    0.5989    0.6131    0.3284   0.04038  0.005238 0.0005913
   122/399     12.2G   0.04556  0.008484  0.001021   0.05506        34       256    0.7259    0.5992    0.6135    0.3289   0.04033  0.005232 0.0005903
   123/399     12.2G   0.04589   0.00845  0.001125   0.05547        14       256     0.733     0.596    0.6146    0.3295   0.04028  0.005227 0.0005898
   124/399     12.2G   0.04596  0.008415  0.001035   0.05541        23       256    0.7366    0.5951    0.6154      0.33   0.04024  0.005222 0.0005885
   125/399     12.2G   0.04623  0.008577  0.001139   0.05595        27       256    0.7376    0.5951    0.6161    0.3305    0.0402  0.005217 0.0005879
   126/399     12.2G     0.046  0.008479 0.0009349   0.05542        18       256    0.7288    0.6017    0.6165    0.3311   0.04015  0.005211 0.0005865
   127/399     12.2G   0.04495  0.008338 0.0008685   0.05416        30       256    0.7298     0.602    0.6177    0.3317   0.04011  0.005203 0.0005849
   128/399     12.2G   0.04485  0.008307 0.0008397   0.05399        21       256    0.7353    0.6007    0.6183    0.3322   0.04005  0.005196 0.0005845
   129/399     12.2G   0.04544  0.008339  0.001066   0.05484        28       256    0.7349    0.6015    0.6192    0.3328      0.04  0.005189 0.0005852
   130/399     12.2G   0.04552  0.008505 0.0008846   0.05491        21       256    0.7332    0.6037    0.6197    0.3336   0.03994  0.005181 0.0005847
   131/399     12.2G   0.04514   0.00843 0.0009784   0.05455        37       256    0.7339    0.6041    0.6214    0.3342   0.03988  0.005174 0.0005837
   132/399     12.2G   0.04447  0.008287  0.000769   0.05353        25       256    0.7453    0.6003    0.6225    0.3352   0.03982  0.005166  0.000583
   133/399     12.2G   0.04431  0.008312 0.0008526   0.05347        26       256    0.7391    0.6029    0.6228    0.3354   0.03976  0.005159 0.0005831
   134/399     12.2G   0.04504  0.008403 0.0008767   0.05432        19       256    0.7098    0.6155    0.6242    0.3363    0.0397  0.005153 0.0005825
   135/399     12.2G   0.04495  0.008344  0.001102    0.0544        18       256    0.7078    0.6171    0.6243    0.3369   0.03964  0.005147 0.0005821
   136/399     12.2G   0.04455  0.008328  0.001021   0.05389        17       256    0.7108    0.6176    0.6251     0.338   0.03958   0.00514 0.0005819
   137/399     12.2G   0.04463  0.008407  0.001206   0.05424        12       256    0.7161    0.6164    0.6255    0.3389   0.03952  0.005133 0.0005814
   138/399     12.2G   0.04438  0.008208 0.0008653   0.05346        51       256    0.7158    0.6175    0.6261    0.3395   0.03946  0.005124 0.0005805
   139/399     12.2G   0.04418  0.008057 0.0006724   0.05291        20       256    0.7144    0.6188    0.6274    0.3404   0.03941  0.005115 0.0005805
   140/399     12.2G   0.04418  0.008182 0.0008498   0.05321        23       256     0.718    0.6193    0.6282    0.3417   0.03936  0.005107 0.0005797
   141/399     12.2G   0.04514  0.008377  0.001281    0.0548        21       256    0.7215    0.6194    0.6294    0.3423    0.0393  0.005099 0.0005792
   142/399     12.2G    0.0447  0.008371   0.00104   0.05412        28       256    0.7281    0.6186    0.6303    0.3434   0.03924  0.005092 0.0005766
   143/399     12.2G   0.04434  0.008239 0.0008412   0.05342        11       256    0.7288    0.6192    0.6311    0.3436   0.03918  0.005083 0.0005746
   144/399     12.2G   0.04431  0.008222 0.0008809   0.05341        20       256    0.7256    0.6215     0.632     0.345   0.03913  0.005075 0.0005733
   145/399     12.2G   0.04455  0.008377   0.00127    0.0542        24       256    0.7286    0.6213    0.6332    0.3455   0.03908  0.005069 0.0005724
   146/399     12.2G   0.04496   0.00847  0.001284   0.05472        26       256    0.7236    0.6247    0.6331    0.3461   0.03904  0.005062 0.0005689
   147/399     12.2G   0.04435   0.00839 0.0009034   0.05364        17       256    0.7258    0.6254    0.6351    0.3471   0.03898  0.005056 0.0005655
   148/399     12.2G   0.04411  0.008287 0.0008629   0.05326        28       256    0.7297    0.6235    0.6346    0.3478   0.03893  0.005049 0.0005626
   149/399     12.2G   0.04438   0.00829  0.001084   0.05375        26       256    0.7251    0.6256    0.6356    0.3485   0.03888  0.005041 0.0005605
   150/399     12.2G   0.04416    0.0082 0.0009172   0.05328        28       256    0.7394    0.6213    0.6369    0.3497   0.03883  0.005034 0.0005598
   151/399     12.2G   0.04358  0.008186 0.0008606   0.05262        58       256    0.7421    0.6219    0.6379    0.3508   0.03877  0.005027 0.0005581
   152/399     12.2G   0.04393   0.00824 0.0007894   0.05296        34       256    0.7451    0.6217    0.6391    0.3513   0.03873  0.005019 0.0005567
   153/399     12.2G   0.04368  0.008089 0.0007321    0.0525        23       256    0.7478     0.622    0.6404    0.3523   0.03868  0.005012 0.0005552
   154/399     12.2G    0.0433  0.008132 0.0008974   0.05233        26       256    0.7499    0.6225    0.6408    0.3528   0.03863  0.005006 0.0005542
   155/399     12.2G   0.04336  0.008194 0.0008928   0.05245        26       256    0.7611    0.6194    0.6424     0.354   0.03858  0.004998 0.0005524
   156/399     12.2G   0.04306  0.008121  0.000891   0.05207        25       256    0.7635    0.6192    0.6426    0.3542   0.03854   0.00499 0.0005508
   157/399     12.2G   0.04482  0.008484  0.001129   0.05443        22       256     0.761    0.6204    0.6437    0.3548    0.0385  0.004986 0.0005517
   158/399     12.2G   0.04796  0.009015  0.001674   0.05865        26       256    0.7642    0.6193    0.6442     0.355   0.03848  0.004986 0.0005551
   159/399     12.2G   0.04523  0.008509  0.001391   0.05513        21       256    0.7526    0.6271    0.6456    0.3553   0.03846  0.004985  0.000556
   160/399     12.2G   0.04409  0.008294  0.001018    0.0534        14       256    0.7542    0.6276     0.646    0.3558   0.03843  0.004981 0.0005571
   161/399     12.2G   0.04342  0.008164 0.0008631   0.05245        31       256    0.7526    0.6298    0.6469    0.3566    0.0384  0.004977 0.0005569
   162/399     12.2G   0.04431  0.008253  0.001037    0.0536        51       256    0.7511    0.6311    0.6475    0.3567   0.03836  0.004971 0.0005567
   163/399     12.2G   0.04409  0.008252 0.0007933   0.05314        34       256    0.7621    0.6269    0.6484    0.3572   0.03832  0.004965 0.0005564
   164/399     12.2G   0.04317  0.008089 0.0009053   0.05217        25       256    0.7585    0.6301    0.6494    0.3578   0.03829  0.004959 0.0005557
   165/399     12.2G   0.04331  0.008152  0.001026   0.05248        50       256    0.7587    0.6306    0.6502    0.3584   0.03826  0.004953 0.0005557
   166/399     12.2G   0.04315  0.008177 0.0008773   0.05221        16       256    0.7595    0.6314    0.6509    0.3592   0.03822  0.004947 0.0005563
   167/399     12.2G   0.04302  0.008118 0.0007211   0.05186        33       256    0.7514     0.635     0.651    0.3597   0.03818  0.004941 0.0005566
   168/399     12.2G   0.04274  0.007939 0.0006863   0.05136        23       256    0.7533    0.6351    0.6516    0.3605   0.03814  0.004935 0.0005562
   169/399     12.2G   0.04252  0.007978 0.0006986    0.0512        24       256    0.7536    0.6361     0.653     0.361    0.0381  0.004928 0.0005564
   170/399     12.2G   0.04223  0.007991 0.0008323   0.05105        24       256    0.7536    0.6365    0.6539    0.3614   0.03805  0.004921 0.0005556
   171/399     12.2G   0.04275  0.008246   0.00105   0.05205        34       256    0.7544    0.6377    0.6547    0.3625   0.03801  0.004915 0.0005551
   172/399     12.2G   0.04365  0.008159  0.001199   0.05301        24       256    0.7607    0.6349    0.6548    0.3632   0.03799  0.004908 0.0005543
   173/399     12.2G   0.04476  0.008508  0.001369   0.05463        70       256    0.7734    0.6311    0.6558    0.3639   0.03795  0.004903 0.0005533
   174/399     12.2G   0.04298  0.008056 0.0007408   0.05178        28       256    0.7528    0.6409    0.6559    0.3646    0.0379  0.004897 0.0005524
   175/399     12.2G   0.04276  0.008029 0.0008251   0.05161        22       256     0.774     0.632    0.6565    0.3652   0.03786   0.00489 0.0005515
   176/399     12.2G   0.04266  0.008094 0.0008657   0.05162        28       256    0.7545     0.641    0.6569    0.3659   0.03782  0.004884 0.0005518
   177/399     12.2G   0.04173  0.007901  0.000766    0.0504        22       256    0.7555     0.642    0.6578    0.3669   0.03778  0.004878 0.0005516
   178/399     12.2G   0.04217  0.007915 0.0008364   0.05092        18       256    0.7583    0.6425    0.6591     0.367   0.03773  0.004871 0.0005503
   179/399     12.2G   0.04194  0.007865 0.0006691   0.05048        23       256    0.7608    0.6421    0.6595    0.3678   0.03769  0.004864  0.000549
   180/399     12.2G   0.04176  0.007921 0.0008661   0.05055        17       256    0.7531     0.645      0.66    0.3685   0.03764  0.004856 0.0005482
   181/399     12.2G   0.04132  0.007802 0.0007351   0.04986        62       256     0.751    0.6472    0.6608     0.369   0.03759  0.004847 0.0005473
   182/399     12.2G     0.041  0.007783  0.000576   0.04936        39       256    0.7569    0.6464    0.6615    0.3696   0.03753  0.004839 0.0005463
   183/399     12.2G   0.04127  0.007861 0.0006791   0.04981        33       256    0.7583    0.6467    0.6625    0.3703   0.03747  0.004831 0.0005456
   184/399     12.2G   0.04122  0.007825 0.0006606    0.0497        33       256    0.7611    0.6467    0.6631    0.3708   0.03741  0.004823 0.0005446
   185/399     12.2G   0.04001   0.00763 0.0005702   0.04821        10       256     0.763    0.6462    0.6638    0.3715   0.03734  0.004815 0.0005444
   186/399     12.2G   0.04074  0.007717 0.0006054   0.04906        21       256    0.7646    0.6458    0.6643    0.3722   0.03727  0.004806 0.0005431
   187/399     12.2G   0.04135  0.007814 0.0008463   0.05001        34       256    0.7658    0.6464    0.6647    0.3727   0.03721  0.004797 0.0005432
   188/399     12.2G   0.04083  0.007814 0.0006724   0.04932        46       256    0.7665    0.6472    0.6654    0.3732   0.03715  0.004789 0.0005435
   189/399     12.2G   0.04259  0.008207  0.001237   0.05204        30       256    0.7673    0.6488    0.6664    0.3737    0.0371  0.004784 0.0005435
   190/399     12.2G    0.0418  0.007843   0.00084   0.05049        18       256    0.7717    0.6479    0.6666    0.3746   0.03705  0.004777 0.0005438
   191/399     12.2G   0.04122  0.007752   0.00062   0.04959        16       256    0.7741    0.6496    0.6684    0.3756   0.03699   0.00477 0.0005442
   192/399     12.2G   0.04081  0.007736 0.0006738   0.04922        40       256    0.7739    0.6499    0.6687    0.3765   0.03694  0.004761 0.0005437
   193/399     12.2G    0.0407   0.00767 0.0006351     0.049        14       256    0.7763    0.6505    0.6701    0.3773   0.03688  0.004753 0.0005432
   194/399     12.2G   0.04047  0.007786 0.0007008   0.04896        26       256    0.7788    0.6517    0.6716    0.3778   0.03683  0.004744 0.0005427
   195/399     12.2G   0.04039  0.007762 0.0006489    0.0488        27       256    0.7805    0.6524    0.6732    0.3785   0.03677  0.004736  0.000542
   196/399     12.2G   0.04099   0.00787 0.0008684   0.04973        25       256    0.7839    0.6516    0.6745    0.3792   0.03672   0.00473  0.000543
   197/399     12.2G   0.04121   0.00776 0.0009769   0.04995        11       256    0.7807    0.6541    0.6747    0.3799   0.03665  0.004722 0.0005425
   198/399     12.2G   0.04269  0.008142  0.001217   0.05204        13       256    0.7828    0.6541     0.675    0.3806    0.0366  0.004717 0.0005449
   199/399     12.2G   0.04129  0.007879 0.0008303      0.05        25       256    0.7823    0.6557    0.6768    0.3818   0.03654  0.004711 0.0005457
   200/399     12.2G   0.04213  0.007891 0.0008769    0.0509        18       256    0.7807    0.6561    0.6767     0.382   0.03649  0.004705 0.0005455
   201/399     12.2G   0.04124  0.007857 0.0009637   0.05006        21       256    0.7847     0.656     0.678    0.3829   0.03644    0.0047 0.0005462
   202/399     12.2G   0.04112  0.007761 0.0007857   0.04967        55       256    0.7811    0.6582    0.6784    0.3831   0.03639  0.004695 0.0005465
   203/399     12.2G   0.04048  0.007757 0.0008035   0.04904        18       256    0.7856    0.6581    0.6794    0.3838   0.03634  0.004688 0.0005455
   204/399     12.2G   0.04015  0.007642 0.0005871   0.04838        23       256    0.7736    0.6628    0.6797    0.3844   0.03629  0.004681 0.0005448
   205/399     12.2G   0.04002  0.007649 0.0007388   0.04841        11       256    0.7817    0.6608    0.6809    0.3847   0.03624  0.004674 0.0005444
   206/399     12.2G   0.04145  0.007916  0.001109   0.05047        42       256    0.7815    0.6604     0.681    0.3849   0.03618  0.004668 0.0005433
   207/399     12.2G   0.04167  0.008091  0.001092   0.05085        19       256    0.7779    0.6625    0.6811    0.3863   0.03612  0.004659 0.0005395
   208/399     12.2G   0.04112  0.007909 0.0009182   0.04995        24       256    0.7792    0.6628    0.6823    0.3871   0.03608  0.004652 0.0005372
   209/399     12.2G   0.04065  0.007852 0.0007008    0.0492        15       256     0.784    0.6616    0.6828    0.3873   0.03603  0.004645  0.000534
   210/399     12.2G   0.04033  0.007723 0.0009219   0.04898        33       256    0.7862    0.6626    0.6849    0.3878   0.03598  0.004638 0.0005321
   211/399     12.2G   0.03965  0.007713 0.0007085   0.04807         8       256    0.7861    0.6622    0.6844    0.3884   0.03593  0.004631 0.0005307
   212/399     12.2G   0.03945  0.007611 0.0008037   0.04787        19       256    0.7889    0.6611    0.6841    0.3887   0.03587  0.004624 0.0005288
   213/399     12.2G   0.03928  0.007489  0.000516   0.04728        25       256    0.7897    0.6609    0.6839     0.389   0.03581  0.004616 0.0005279
   214/399     12.2G   0.04004  0.007671 0.0006762   0.04838        22       256    0.7846    0.6662    0.6874    0.3896   0.03576  0.004608 0.0005265
   215/399     12.2G   0.03964  0.007584 0.0006265   0.04785        28       256     0.775    0.6712    0.6882    0.3907   0.03571    0.0046 0.0005253
   216/399     12.2G   0.03951  0.007549 0.0005237   0.04758        14       256    0.7786    0.6701    0.6885    0.3914   0.03566  0.004592 0.0005245
   217/399     12.2G   0.03903  0.007498  0.000531   0.04706        19       256    0.7817    0.6707    0.6898    0.3922   0.03561  0.004584 0.0005238
   218/399     12.2G   0.03913  0.007675 0.0005566   0.04736        19       256    0.7982    0.6649    0.6909    0.3927   0.03555  0.004577 0.0005228
   219/399     12.2G   0.03948  0.007697  0.000726    0.0479        27       256    0.7981    0.6664    0.6918    0.3934   0.03551  0.004571 0.0005221
   220/399     12.2G   0.03903  0.007441 0.0006324    0.0471        20       256    0.7833    0.6727    0.6921    0.3943   0.03546  0.004564 0.0005218
   221/399     12.2G   0.03849  0.007445 0.0005647   0.04649        25       256    0.7836     0.674    0.6927    0.3946    0.0354  0.004557 0.0005214
   222/399     12.2G    0.0385  0.007337 0.0005408   0.04638        22       256    0.7853    0.6737    0.6934    0.3958   0.03535  0.004549 0.0005203
   223/399     12.2G   0.03877   0.00745 0.0005171   0.04673        51       256    0.7864    0.6753    0.6946    0.3964   0.03532  0.004543 0.0005204
   224/399     12.2G   0.03845  0.007362  0.000513   0.04632        91       256    0.7873    0.6748    0.6951    0.3968   0.03527  0.004536 0.0005201
   225/399     12.2G   0.03817  0.007434 0.0005174   0.04612         9       256    0.7848    0.6758    0.6956    0.3976   0.03522  0.004528 0.0005196
   226/399     12.2G   0.03847  0.007383 0.0005124   0.04637        13       256    0.7903    0.6737    0.6962     0.398   0.03518  0.004521 0.0005192
   227/399     12.2G   0.03822  0.007274 0.0005162   0.04601         8       256    0.7932    0.6742    0.6974    0.3989   0.03512  0.004514 0.0005189
   228/399     12.2G   0.03873  0.007452 0.0005655   0.04675        30       256    0.7896    0.6776    0.6982    0.3993   0.03508  0.004507 0.0005189
   229/399     12.2G   0.03839  0.007384 0.0006104   0.04638        22       256    0.7829    0.6841    0.6999    0.3999   0.03503  0.004501 0.0005183
   230/399     12.2G   0.03845  0.007468 0.0005473   0.04647        11       256    0.7964    0.6791    0.7007    0.4004   0.03499  0.004494 0.0005177
   231/399     12.2G   0.03949  0.007687 0.0008685   0.04804        21       256    0.7977    0.6795    0.7007     0.401   0.03495  0.004489  0.000518
   232/399     12.2G   0.03869   0.00751 0.0006344   0.04683        19       256    0.7974    0.6795    0.7009    0.4019   0.03491  0.004484 0.0005177
   233/399     12.2G   0.03896  0.007371 0.0005906   0.04692        13       256    0.7987    0.6792    0.7011    0.4024   0.03486  0.004477 0.0005167
   234/399     12.2G   0.03838  0.007501 0.0005575   0.04644        37       256     0.799    0.6798    0.7018    0.4029   0.03482  0.004471 0.0005158
   235/399     12.2G   0.03841  0.007471 0.0005579   0.04644        46       256     0.804    0.6788    0.7026    0.4034   0.03477  0.004464 0.0005153
   236/399     12.2G   0.03799  0.007392 0.0006176     0.046        38       256    0.8026      0.68    0.7033    0.4037   0.03472  0.004458 0.0005152
   237/399     12.2G   0.03848  0.007367  0.000485   0.04633        40       256    0.8082    0.6786    0.7044    0.4042   0.03467  0.004452  0.000515
   238/399     12.2G   0.03823  0.007351 0.0005376   0.04612        21       256    0.8059    0.6804    0.7056    0.4049   0.03462  0.004445 0.0005146
   239/399     12.2G   0.03721  0.007272 0.0004527   0.04493        15       256    0.8122    0.6791    0.7062    0.4059   0.03457  0.004438 0.0005142
   240/399     12.2G    0.0376  0.007313  0.000537   0.04545        16       256    0.8115    0.6805    0.7069    0.4067   0.03452   0.00443 0.0005133
   241/399     12.2G   0.03766  0.007169 0.0005002   0.04532        22       256    0.7982    0.6883    0.7085    0.4075   0.03448  0.004423 0.0005131
   242/399     12.2G    0.0373  0.007257 0.0005232   0.04508        30       256    0.8007    0.6883    0.7091    0.4086   0.03444  0.004415 0.0005129
   243/399     12.2G    0.0375  0.007369 0.0006751   0.04554        28       256    0.8189     0.681    0.7095    0.4087    0.0344  0.004409 0.0005132
   244/399     12.2G   0.03739  0.007226 0.0005545   0.04517        14       256    0.8133    0.6842    0.7098    0.4094   0.03436  0.004401 0.0005124
   245/399     12.2G     0.038    0.0074 0.0005463   0.04595        29       256    0.8052    0.6901    0.7104      0.41   0.03432  0.004396 0.0005113
   246/399     12.2G   0.03739  0.007344 0.0005939   0.04533        19       256    0.8085    0.6907    0.7117    0.4104   0.03428   0.00439 0.0005116
   247/399     12.2G   0.03945  0.007662 0.0009141   0.04802        39       256    0.8095    0.6909    0.7123    0.4108   0.03423  0.004383 0.0005128
   248/399     12.2G   0.04056  0.007898 0.0009777   0.04944        21       256    0.8114    0.6907    0.7141    0.4123   0.03417  0.004374 0.0005122
   249/399     12.2G   0.03836  0.007426 0.0005829   0.04637        20       256    0.8267    0.6843    0.7137    0.4123   0.03415  0.004369 0.0005127
   250/399     12.2G   0.03815  0.007406 0.0005112   0.04607        19       256    0.8206    0.6877    0.7141    0.4127   0.03413  0.004364 0.0005127
   251/399     12.2G    0.0376  0.007302 0.0004426   0.04534        21       256    0.8126     0.692    0.7142    0.4131    0.0341  0.004358 0.0005129
   252/399     12.2G   0.03791  0.007339 0.0007472     0.046        34       256    0.8115     0.694    0.7148    0.4135   0.03408  0.004353 0.0005125
   253/399     12.2G   0.03767   0.00738 0.0008661   0.04592        24       256    0.8147    0.6942    0.7151    0.4136   0.03406  0.004349 0.0005116
