     0/399     1.97G    0.0965   0.01197   0.01854     0.127        30       256     0.489    0.1768     0.087   0.02101   0.08257  0.009293   0.01828
     1/399     10.6G   0.07719   0.01187  0.008556   0.09762        25       256    0.5529    0.1672    0.1233   0.03919   0.07622  0.008878  0.007989
     2/399     12.1G   0.07534   0.01171  0.008339   0.09539        29       256    0.4731   0.09295   0.05378   0.01312   0.09928  0.008745   0.03904
     3/399     12.1G   0.07656   0.01181  0.009174   0.09754        29       256    0.5963    0.1606    0.1311   0.03588   0.07616   0.00887  0.008721
     4/399     12.1G   0.08312   0.01236   0.01471    0.1102        33       256    0.5334    0.1814    0.1219   0.03742    0.0803  0.007728  0.007836
     5/399     12.1G   0.07994   0.01227   0.01239    0.1046        19       256    0.6476    0.1961    0.1718   0.05251   0.07408  0.007875  0.008991
     6/399     12.1G   0.07722   0.01224   0.01105    0.1005        15       256    0.6274    0.2213    0.1867   0.06221   0.07063  0.007867  0.006005
     7/399     12.1G   0.07586   0.01207  0.009818   0.09775        47       256    0.6301    0.2282    0.1912   0.05825   0.07017  0.007651  0.005277
     8/399     12.1G   0.07466   0.01208  0.009318   0.09605        37       256    0.5273    0.1628    0.1056   0.03406   0.07631   0.00796   0.01195
     9/399     12.1G   0.07521   0.01218  0.009793   0.09718        19       256    0.6564     0.171    0.1532   0.05252   0.07703  0.007571  0.006551
    10/399     12.1G   0.07409   0.01205  0.009062    0.0952        20       256    0.6717    0.2122    0.1968   0.06389   0.06827   0.00765  0.006688
    11/399     12.1G   0.07488   0.01217   0.01015    0.0972        45       256    0.6133    0.2432     0.195   0.06847    0.0677  0.007751  0.005516
    12/399     12.1G   0.07244   0.01196  0.008044   0.09244        21       256    0.6558    0.2244    0.2013   0.06961   0.06712  0.007601  0.006956
    13/399     12.1G   0.07158   0.01182  0.007733   0.09114        29       256    0.6536     0.262    0.2384    0.0874   0.06525  0.007159  0.003789
    14/399     12.1G   0.07037   0.01189  0.007143    0.0894        31       256    0.4754    0.2704    0.2411   0.09038   0.06543  0.007269  0.004446
    15/399     12.1G   0.06999   0.01172  0.007019   0.08873        56       256    0.6903    0.2492    0.2412   0.09091   0.06371  0.007424  0.004066
    16/399     12.1G   0.06953   0.01175  0.006843   0.08812        30       256    0.3541    0.2557    0.2436   0.09551   0.06385  0.007114  0.004026
    17/399     12.1G    0.0692   0.01175  0.006718   0.08767        34       256    0.4702     0.271    0.2634   0.09913   0.06304  0.007211  0.005155
    18/399     12.1G   0.06844   0.01151   0.00652   0.08646        27       256    0.3753    0.2781    0.2583   0.09645   0.06258  0.007095  0.002942
    19/399     12.1G   0.06824   0.01156  0.006326   0.08612        30       256    0.4344    0.2745    0.2475    0.0954   0.06162  0.007426  0.004398
    20/399     12.1G   0.06793    0.0116  0.005979   0.08551        32       256    0.4264    0.3092    0.2964    0.1197   0.06048  0.006933  0.002835
    21/399     12.1G   0.06759   0.01164  0.006268    0.0855        24       256     0.452    0.3065    0.2854    0.1141   0.05974  0.006851  0.002489
    22/399     12.1G   0.06763   0.01172  0.006112   0.08546        11       256    0.4625    0.3169    0.3049     0.127   0.05922  0.006913  0.002719
    23/399     12.1G   0.06668   0.01154  0.005515   0.08374        21       256    0.4787    0.3175    0.3045    0.1236   0.05972  0.006996  0.003414
    24/399     12.1G   0.06688   0.01137  0.005461   0.08371        22       256     0.489    0.3113    0.3033    0.1201   0.06036  0.007119  0.003598
    25/399     12.1G   0.06625   0.01146  0.005524   0.08324        27       256    0.4702    0.3464     0.329     0.143   0.05915  0.007159  0.002866
    26/399     12.1G   0.06613    0.0114  0.005311   0.08284        29       256    0.4747    0.3386    0.3178    0.1297   0.05815  0.006914   0.00277
    27/399     12.1G   0.06585   0.01147  0.005428   0.08275        26       256     0.503    0.3421    0.3281    0.1369   0.05778   0.00694  0.003007
    28/399     12.1G   0.06483   0.01125  0.004965   0.08104        27       256    0.5278    0.3296    0.3229    0.1367   0.05775  0.007154  0.003422
    29/399     12.1G   0.06521   0.01153  0.005271   0.08201        60       256    0.4919     0.374    0.3441    0.1432   0.05711  0.006807  0.002668
    30/399     12.1G   0.06477   0.01135  0.004911   0.08103        20       256    0.5632    0.3734    0.3714     0.158   0.05641  0.006774  0.002526
    31/399     12.1G    0.0647   0.01129  0.005029   0.08102        16       256    0.5585    0.3658    0.3534     0.147    0.0559  0.006868  0.002602
    32/399     12.1G   0.06461   0.01131  0.005239   0.08116        40       256    0.5593    0.3685    0.3649    0.1552   0.05646  0.006742  0.002389
    33/399     12.1G    0.0648   0.01113  0.004736   0.08067        18       256    0.5037    0.3865    0.3555    0.1519   0.05587  0.006822  0.002905
    34/399     12.1G   0.06437   0.01111  0.004824   0.08031        26       256    0.5139    0.3854    0.3632    0.1575   0.05486  0.006663  0.002132
    35/399     12.1G   0.06428   0.01121  0.004878   0.08037        19       256    0.5409    0.3914    0.3809    0.1667   0.05447  0.006503  0.001781
    36/399     12.1G   0.06586   0.01152  0.005869   0.08325        36       256    0.5338    0.3717    0.3587    0.1565   0.05629  0.006706  0.002914
    37/399     12.1G   0.06467   0.01124  0.005193    0.0811        18       256    0.5548    0.3903    0.3831    0.1706   0.05471  0.006578  0.002122
    38/399     12.1G   0.06402   0.01126   0.00483   0.08011        21       256    0.5475    0.4026    0.3955     0.177   0.05394  0.006577  0.001853
    39/399     12.1G   0.06337   0.01131  0.004629   0.07932        32       256    0.6333    0.3781    0.3978     0.177   0.05341   0.00649  0.001925
    40/399     12.1G   0.06662   0.01173  0.006847    0.0852        65       256    0.5541    0.3744    0.3692    0.1618   0.05544  0.006764  0.002523
    41/399     12.1G   0.06508   0.01145  0.005627   0.08216        22       256    0.5831    0.3735     0.379    0.1682   0.05438  0.006659  0.002251
    42/399     12.1G   0.06402   0.01138  0.004986   0.08039        16       256    0.6021    0.3936    0.3947    0.1788   0.05329  0.006611  0.001989
    43/399     12.1G   0.06393   0.01122  0.005111   0.08026        24       256    0.5893    0.4006    0.4042    0.1826   0.05292  0.006543  0.001851
    44/399     12.1G   0.06298   0.01109  0.004622   0.07869        19       256    0.5897    0.4036    0.4044    0.1823   0.05247  0.006526   0.00184
    45/399     12.1G   0.06314   0.01105  0.004763   0.07896        34       256     0.607    0.4056     0.409    0.1854   0.05225  0.006523  0.001883
    46/399     12.1G   0.06218    0.0111  0.004395   0.07768        28       256    0.5755    0.4247    0.4167    0.1919   0.05186  0.006472  0.001778
    47/399     12.1G   0.06213    0.0112  0.004466   0.07779        17       256    0.5936    0.4256    0.4234    0.1953    0.0515  0.006405  0.001581
    48/399     12.1G   0.06285   0.01109  0.004965   0.07891        25       256    0.5845    0.4303    0.4222    0.1959   0.05139  0.006413  0.001595
    49/399     12.1G    0.0621   0.01103    0.0043   0.07743        42       256    0.5754    0.4357    0.4294    0.1998   0.05113  0.006346  0.001518
    50/399     12.1G   0.06065   0.01094  0.003988   0.07558        62       256    0.5726    0.4442    0.4355     0.205   0.05073  0.006296  0.001432
    51/399     12.1G   0.06161   0.01094  0.004566   0.07712        13       256    0.5868    0.4374    0.4356    0.2065   0.05047  0.006288  0.001473
    52/399     12.1G   0.06156   0.01113  0.004518   0.07721        33       256    0.5981     0.439    0.4417    0.2081   0.05023  0.006268  0.001456
    53/399     12.1G    0.0609   0.01095  0.004315   0.07617        19       256    0.5903    0.4469    0.4463    0.2086   0.04997  0.006238  0.001379
    54/399     12.1G   0.06148   0.01105  0.004356   0.07688        54       256    0.6216     0.442    0.4525    0.2122   0.04962  0.006211  0.001321
    55/399     12.1G   0.06098   0.01102  0.004333   0.07633        21       256    0.6001    0.4522     0.452    0.2112   0.04945  0.006202  0.001297
    56/399     12.1G   0.06104   0.01101  0.004357   0.07641        28       256    0.6246    0.4499     0.455    0.2121   0.04925  0.006183  0.001276
    57/399     12.1G   0.06042   0.01095  0.004076   0.07545        45       256    0.6255    0.4554    0.4595    0.2136   0.04911  0.006176  0.001274
    58/399     12.1G   0.06028   0.01094  0.004239   0.07546        13       256    0.6485    0.4458    0.4616    0.2156   0.04907  0.006162  0.001275
    59/399     12.1G   0.05992   0.01087  0.004004   0.07479        26       256    0.6299    0.4582    0.4646    0.2175   0.04893  0.006143  0.001285
    60/399     12.1G   0.06067    0.0109  0.004242   0.07581        33       256    0.6494    0.4531    0.4688    0.2198   0.04876  0.006129  0.001266
    61/399     12.1G    0.0597   0.01076  0.003717   0.07418        19       256    0.6054     0.475    0.4703    0.2208   0.04857  0.006112  0.001245
    62/399     12.1G   0.06017   0.01078  0.003927   0.07488        13       256    0.6244    0.4672    0.4718    0.2219   0.04842  0.006103  0.001235
    63/399     12.1G   0.05932   0.01083  0.003774   0.07392        24       256    0.6387    0.4659    0.4746    0.2235   0.04828    0.0061  0.001222
    64/399     12.1G   0.06035   0.01086  0.004292    0.0755        32       256    0.6144    0.4758    0.4772    0.2258    0.0482  0.006095  0.001213
    65/399     12.1G    0.0596   0.01081  0.003975   0.07439        26       256    0.6488    0.4654    0.4788     0.226   0.04811  0.006093  0.001207
    66/399     12.1G   0.05918   0.01087  0.003999   0.07405        22       256    0.6576    0.4653    0.4815    0.2271   0.04803  0.006083  0.001197
    67/399     12.1G   0.05962   0.01084  0.004069   0.07453        50       256    0.6673    0.4661    0.4836    0.2279   0.04795  0.006073  0.001194
    68/399     12.1G   0.05907   0.01075  0.003928   0.07375        31       256    0.6608    0.4697    0.4853    0.2292   0.04785  0.006067  0.001188
    69/399     12.1G   0.05978   0.01084  0.004133   0.07475        22       256    0.6853    0.4624     0.488      0.23   0.04776  0.006061   0.00119
    70/399     12.1G   0.06493   0.01152  0.006313   0.08276        14       256    0.6889    0.4466      0.47    0.2244   0.04843   0.00614  0.001207
    71/399     12.1G   0.06419   0.01147   0.00588   0.08154        19       256    0.6728    0.4345    0.4523    0.2155    0.0493  0.006298  0.001364
    72/399     12.1G   0.06166   0.01106  0.004951   0.07768        28       256    0.6737    0.4255    0.4445    0.2119   0.04976  0.006403  0.001491
    73/399     12.1G   0.06112   0.01104  0.004363   0.07652        26       256    0.6408    0.4312    0.4413    0.2105   0.04991  0.006466  0.001545
    74/399     12.1G   0.06018   0.01086  0.004014   0.07505        16       256    0.6768    0.4197    0.4421     0.211   0.04991  0.006488   0.00155
    75/399     12.1G   0.05915   0.01083   0.00383    0.0738        12       256    0.6748    0.4216    0.4434    0.2117   0.04981  0.006485  0.001537
    76/399     12.1G    0.0595   0.01075  0.003768   0.07402        29       256    0.6627    0.4316    0.4456    0.2133   0.04965  0.006467  0.001519
    77/399     12.1G   0.05909   0.01071  0.003919   0.07371        16       256    0.6575    0.4352    0.4485    0.2148   0.04948  0.006442   0.00149
    78/399     12.1G   0.05944    0.0109  0.004134   0.07448        45       256    0.6698    0.4363    0.4526    0.2171    0.0493  0.006413  0.001467
    79/399     12.1G    0.0598   0.01083  0.004084   0.07471        20       256    0.6671    0.4407    0.4558    0.2183   0.04913  0.006384  0.001451
    80/399     12.1G   0.05887   0.01076  0.003985   0.07361        36       256    0.6524     0.448    0.4584    0.2195   0.04898  0.006357  0.001431
    81/399     12.1G   0.05814   0.01058  0.003956   0.07268        15       256     0.656     0.448    0.4599    0.2212   0.04884  0.006333  0.001412
    82/399     12.1G   0.05844   0.01069  0.003954   0.07308        18       256    0.6826     0.441    0.4625    0.2225    0.0487  0.006308  0.001395
    83/399     12.1G   0.05827   0.01065  0.003891   0.07282        39       256    0.6753    0.4473     0.465    0.2238   0.04856   0.00628  0.001369
    84/399     12.1G   0.05825   0.01064  0.003756   0.07265        30       256    0.6938    0.4438     0.467    0.2253   0.04843  0.006251  0.001342
    85/399     12.1G   0.05784   0.01065  0.003956   0.07245        13       256     0.696    0.4445    0.4693    0.2261    0.0483  0.006226  0.001319
    86/399     12.1G   0.05779   0.01047  0.003677   0.07194        35       256    0.6539    0.4632    0.4721    0.2272   0.04818  0.006208  0.001308
    87/399     12.1G   0.05764   0.01072  0.003766   0.07213        75       256     0.664    0.4611    0.4735    0.2287   0.04807   0.00619  0.001295
    88/399     12.1G   0.05784   0.01067  0.003709   0.07221        24       256    0.6687    0.4648    0.4756    0.2296   0.04796  0.006172  0.001282
    89/399     12.1G    0.0576   0.01062  0.003923   0.07214        23       256    0.6811    0.4627    0.4782    0.2309   0.04786  0.006155  0.001271
    90/399     12.1G   0.05778   0.01055  0.004033   0.07237        27       256    0.6823    0.4635    0.4793    0.2312   0.04776  0.006142  0.001259
    91/399     12.1G   0.06162   0.01111  0.005553   0.07828        20       256    0.6839    0.4557    0.4731     0.228   0.04806  0.006151  0.001256
    92/399     12.1G   0.05906   0.01082  0.004081   0.07396        26       256    0.6722    0.4533    0.4697    0.2269    0.0481  0.006157  0.001258
    93/399     12.1G   0.05797   0.01069  0.003735    0.0724        42       256    0.6877    0.4496    0.4697    0.2272   0.04808  0.006156  0.001258
    94/399     12.1G   0.05804   0.01059  0.003888   0.07252        23       256    0.6915    0.4489    0.4697    0.2274   0.04804  0.006149  0.001256
    95/399     12.1G   0.05732   0.01077  0.003883   0.07197        24       256    0.6937     0.448    0.4685    0.2278   0.04798  0.006141  0.001254
    96/399     12.1G   0.05691   0.01044  0.003462   0.07081        47       256    0.6961    0.4481    0.4679    0.2284   0.04792  0.006132  0.001252
    97/399     12.1G   0.05705   0.01053  0.003441   0.07102        22       256     0.686     0.451     0.469    0.2293   0.04784  0.006124  0.001248
    98/399     12.1G   0.05716   0.01044  0.003405     0.071        50       256    0.6818    0.4538    0.4702    0.2305   0.04777  0.006117  0.001242
    99/399     12.1G   0.05728   0.01051  0.003671   0.07146        15       256    0.6847    0.4546    0.4717    0.2308   0.04769  0.006108   0.00124
   100/399     12.1G    0.0566   0.01047  0.003292   0.07036        30       256    0.6927    0.4559    0.4739    0.2318   0.04761  0.006099  0.001236
   101/399     12.1G   0.05682   0.01055  0.003612   0.07098        18       256    0.6955    0.4556    0.4744    0.2322   0.04754  0.006092   0.00123
   102/399     12.1G   0.05592   0.01047  0.003743   0.07013        22       256    0.6737    0.4627    0.4763    0.2328   0.04747  0.006082  0.001222
   103/399     12.1G   0.05705   0.01047  0.003863   0.07138        18       256    0.6813    0.4621    0.4778    0.2337   0.04739  0.006073  0.001216
   104/399     12.1G   0.05672   0.01047  0.003152   0.07035        18       256    0.6969    0.4606    0.4798    0.2349   0.04732  0.006061  0.001207
   105/399     12.1G   0.05578   0.01035  0.003137   0.06927        30       256    0.7103    0.4574    0.4808    0.2358   0.04724  0.006048  0.001199
   106/399     12.1G   0.05642   0.01038  0.003448   0.07024        20       256    0.7127    0.4585    0.4824    0.2365   0.04717  0.006039  0.001195
   107/399     12.1G   0.05625   0.01046   0.00339    0.0701        34       256     0.714    0.4589    0.4834    0.2373    0.0471  0.006027   0.00119
   108/399     12.1G   0.05554   0.01042  0.003548   0.06951        13       256    0.7152    0.4599    0.4846    0.2379   0.04703  0.006016  0.001183
   109/399     12.2G   0.05606   0.01033    0.0034   0.06979        28       256    0.7192    0.4598    0.4859    0.2391   0.04696  0.006006  0.001173
   110/399     12.2G   0.05554   0.01041  0.003677   0.06963        48       256    0.6654    0.4773    0.4873    0.2399   0.04689  0.005997  0.001169
   111/399     12.2G   0.05549   0.01031  0.003631   0.06942        22       256    0.6821    0.4727    0.4879    0.2403   0.04682  0.005988  0.001163
   112/399     12.2G   0.05598   0.01031  0.003723   0.07001        27       256    0.6723    0.4773    0.4886    0.2411   0.04676   0.00598  0.001162
   113/399     12.2G     0.056   0.01029  0.003655   0.06995        25       256    0.6721    0.4795    0.4911    0.2418   0.04668   0.00597  0.001155
   114/399     12.2G   0.05585   0.01032  0.003308   0.06948        23       256     0.674    0.4821    0.4939    0.2429   0.04662  0.005963  0.001149
   115/399     12.2G    0.0553   0.01019  0.003613    0.0691        17       256    0.6797    0.4804    0.4955    0.2443   0.04656  0.005953  0.001141
   116/399     12.2G   0.05611   0.01039  0.003487   0.06998        33       256    0.6606    0.4906    0.4973    0.2449   0.04649  0.005944  0.001135
   117/399     12.2G    0.0556   0.01029  0.003509    0.0694        23       256    0.7031    0.4785    0.4997    0.2454   0.04642  0.005935  0.001128
   118/399     12.2G   0.05582   0.01031  0.003618   0.06975        19       256    0.6895    0.4839    0.5004    0.2466   0.04634  0.005926  0.001119
   119/399     12.2G   0.05557   0.01039  0.003357   0.06932        17       256    0.6718     0.494    0.5026    0.2468   0.04626  0.005914  0.001113
   120/399     12.2G   0.05453   0.01026  0.003394   0.06818        19       256    0.6967    0.4861    0.5038    0.2473   0.04619  0.005902  0.001107
   121/399     12.2G   0.05486   0.01027  0.003389   0.06852        38       256    0.6832    0.4938     0.506    0.2485   0.04612  0.005892  0.001098
   122/399     12.2G   0.05507   0.01035  0.003225   0.06865        28       256    0.6964    0.4906    0.5064    0.2495   0.04604  0.005881   0.00109
   123/399     12.2G   0.05505   0.01029  0.003471   0.06881        26       256     0.694    0.4941    0.5079    0.2508   0.04597   0.00587  0.001082
   124/399     12.2G   0.05418    0.0102  0.003312   0.06769        48       256    0.6719    0.5021    0.5096    0.2521    0.0459   0.00586  0.001075
   125/399     12.2G    0.0547   0.01036  0.003406   0.06847        52       256     0.681    0.5007    0.5113    0.2532   0.04582  0.005849  0.001067
   126/399     12.2G   0.05455    0.0101  0.003333   0.06798        23       256    0.6826    0.5048    0.5135    0.2538   0.04575   0.00584  0.001061
   127/399     12.2G   0.05446   0.01015  0.003247   0.06786        45       256    0.6852    0.5059    0.5144    0.2548   0.04569  0.005831  0.001052
   128/399     12.2G   0.05447   0.01025  0.003477    0.0682        21       256    0.6824    0.5098    0.5155    0.2556   0.04561  0.005821  0.001046
   129/399     12.2G   0.05469   0.01024  0.003386   0.06832        65       256    0.6847    0.5092    0.5167    0.2564   0.04554  0.005812  0.001038
   130/399     12.2G   0.05457   0.01028  0.003181   0.06803        41       256     0.694    0.5092    0.5191    0.2573   0.04547  0.005804   0.00103
   131/399     12.2G   0.05422    0.0103  0.003225   0.06775       109       256     0.711    0.5046    0.5207    0.2582    0.0454  0.005793  0.001023
   132/399     12.2G   0.05384   0.01013  0.003247   0.06723        35       256    0.7138    0.5065    0.5224    0.2597   0.04531  0.005782  0.001016
   133/399     12.2G   0.05395   0.01023  0.003199   0.06737        18       256    0.7097     0.508    0.5235    0.2601   0.04524  0.005773  0.001009
   134/399     12.2G    0.0536   0.01021  0.003129   0.06694        16       256    0.7094    0.5097    0.5249    0.2614   0.04516  0.005763  0.001002
   135/399     12.2G   0.05358   0.01015  0.003243   0.06697        25       256     0.718    0.5097    0.5263    0.2626   0.04509  0.005753 0.0009958
   136/399     12.2G   0.05406   0.01001  0.003144   0.06721        20       256     0.716     0.512     0.528    0.2631   0.04501  0.005745 0.0009895
   137/399     12.2G   0.05362   0.01013   0.00299   0.06674        19       256    0.7297    0.5116    0.5295    0.2641   0.04494  0.005736  0.000984
   138/399     12.2G   0.05383   0.01006  0.003252   0.06714        14       256      0.73    0.5117    0.5302    0.2649   0.04486  0.005726 0.0009763
   139/399     12.2G   0.05389   0.01013  0.003188   0.06721        33       256    0.7327    0.5123    0.5313    0.2658   0.04478  0.005716 0.0009681
   140/399     12.2G   0.05403   0.01022  0.003343   0.06759        28       256    0.7259    0.5165     0.533    0.2666    0.0447  0.005706 0.0009627
   141/399     12.2G   0.05359   0.01006  0.003044   0.06669        18       256    0.7257    0.5186    0.5344    0.2681   0.04463  0.005696 0.0009554
   142/399     12.2G   0.05373   0.01018  0.003256   0.06717        63       256    0.7435    0.5136    0.5355    0.2688   0.04457  0.005686 0.0009486
   143/399     12.2G   0.05264  0.009983   0.00301   0.06563        14       256    0.7432    0.5146    0.5365    0.2695   0.04449  0.005676 0.0009431
   144/399     12.2G   0.05295   0.01003  0.002906   0.06589        20       256    0.6905    0.5339    0.5389    0.2706   0.04441  0.005666 0.0009379
   145/399     12.2G   0.05346   0.01019  0.003354     0.067        44       256    0.7403    0.5176    0.5393    0.2713   0.04434  0.005657 0.0009317
   146/399     12.2G    0.0533   0.01012  0.003256   0.06668        30       256    0.6866    0.5363    0.5412    0.2722   0.04426  0.005649 0.0009254
   147/399     12.2G   0.05353   0.01011  0.003231   0.06688        20       256    0.7255    0.5246    0.5418    0.2729   0.04419   0.00564 0.0009202
   148/399     12.2G   0.05293   0.01005  0.003016   0.06599        57       256    0.6897    0.5386    0.5435    0.2734   0.04412  0.005632 0.0009143
   149/399     12.2G   0.05241   0.00991  0.003125   0.06544        18       256    0.7013    0.5354    0.5444    0.2747   0.04404   0.00562  0.000908
   150/399     12.2G    0.0525  0.009979   0.00274   0.06522        36       256    0.7003    0.5382    0.5461    0.2759   0.04397   0.00561  0.000902
   151/399     12.2G   0.05287  0.009922  0.003207     0.066        31       256    0.7006    0.5396     0.548    0.2766    0.0439  0.005599 0.0008946
   152/399     12.2G   0.05293   0.01001  0.003158    0.0661        19       256    0.7082    0.5375    0.5486    0.2771   0.04382  0.005589 0.0008883
   153/399     12.2G   0.05302   0.01012  0.003074   0.06621        37       256    0.7126    0.5382    0.5502    0.2782   0.04374  0.005579 0.0008811
   154/399     12.2G     0.052  0.009799  0.002836   0.06463        20       256     0.711    0.5385    0.5514    0.2793   0.04367   0.00557 0.0008748
   155/399     12.2G   0.05267  0.009958  0.003146   0.06578        24       256    0.7095    0.5405    0.5525      0.28    0.0436   0.00556 0.0008667
   156/399     12.2G   0.05181  0.009867  0.002785   0.06446        25       256    0.7225    0.5385    0.5535     0.281   0.04352  0.005549 0.0008604
   157/399     12.2G   0.05257    0.0099  0.003077   0.06555        15       256    0.7264    0.5389    0.5541    0.2819   0.04345  0.005541 0.0008519
   158/399     12.2G   0.05244  0.009956  0.003033   0.06542        15       256    0.7291    0.5389    0.5552    0.2832   0.04337   0.00553 0.0008434
   159/399     12.2G   0.05205  0.009826  0.002788   0.06467        23       256    0.7325    0.5398     0.556     0.284    0.0433  0.005521 0.0008356
   160/399     12.2G   0.05159  0.009929  0.003007   0.06453        20       256     0.747    0.5372    0.5573     0.285   0.04323  0.005512 0.0008266
   161/399     12.2G    0.0523  0.009865   0.00311   0.06528        23       256    0.7493     0.538    0.5589    0.2861   0.04316  0.005503  0.000818
   162/399     12.2G   0.05201   0.01003  0.003014   0.06505        15       256    0.7471    0.5405    0.5605    0.2873   0.04308  0.005492 0.0008111
   163/399     12.2G   0.05226  0.009876  0.003068    0.0652        19       256    0.7514    0.5408    0.5622    0.2884   0.04299  0.005481 0.0008048
   164/399     12.2G   0.05156  0.009929   0.00273   0.06422        26       256    0.7539    0.5407    0.5631    0.2892   0.04292  0.005471 0.0007975
   165/399     12.2G   0.05192   0.00989  0.003027   0.06483        21       256     0.757    0.5415    0.5655      0.29   0.04286  0.005462 0.0007903
   166/399     12.2G    0.0524   0.00992  0.003064   0.06539        31       256    0.7485    0.5454    0.5661    0.2908   0.04278  0.005453  0.000784
   167/399     12.2G   0.05164  0.009814  0.002564   0.06402        32       256    0.7122    0.5587    0.5667    0.2915    0.0427  0.005443 0.0007765
   168/399     12.2G   0.05196  0.009896  0.002828   0.06468        41       256    0.7297    0.5545    0.5687    0.2924   0.04262  0.005434  0.000769
   169/399     12.2G   0.05172  0.009696  0.002622   0.06403        20       256    0.7338    0.5552    0.5696    0.2929   0.04254  0.005425 0.0007607
   170/399     12.2G   0.05186  0.009951  0.003087    0.0649        28       256     0.735    0.5557    0.5705    0.2935   0.04247  0.005415 0.0007527
   171/399     12.2G    0.0512  0.009842  0.002905   0.06395        21       256    0.7353    0.5584    0.5726    0.2951   0.04239  0.005407 0.0007447
   172/399     12.2G   0.05124  0.009784    0.0026   0.06363        27       256     0.741    0.5575     0.574    0.2965   0.04232  0.005396 0.0007378
   173/399     12.2G   0.05132  0.009821  0.002965    0.0641        43       256    0.7425    0.5574    0.5739    0.2976   0.04224  0.005387 0.0007316
   174/399     12.2G    0.0514  0.009895  0.002969   0.06427        26       256     0.749    0.5582    0.5756    0.2986   0.04216  0.005378 0.0007246
   175/399     12.2G   0.05163  0.009812  0.002941   0.06438        17       256    0.7374    0.5618    0.5763    0.2996    0.0421   0.00537 0.0007177
   176/399     12.2G   0.05109  0.009778  0.002712   0.06358        21       256    0.7312     0.566    0.5776    0.3006   0.04202  0.005363 0.0007117
   177/399     12.2G   0.05099  0.009818  0.002958   0.06377        27       256     0.734    0.5673    0.5796    0.3016   0.04194  0.005353 0.0007043
   178/399     12.2G   0.05149  0.009712  0.002934   0.06413        24       256     0.735    0.5677     0.581    0.3027   0.04187  0.005344 0.0006989
   179/399     12.2G   0.05149  0.009697   0.00324   0.06443        16       256    0.7368    0.5673    0.5816    0.3036   0.04179  0.005334 0.0006941
   180/399     12.2G   0.05129  0.009861  0.002882   0.06404        30       256    0.7368     0.569    0.5827     0.305   0.04173  0.005328 0.0006908
   181/399     12.2G   0.05118  0.009794   0.00293   0.06391        34       256    0.7399    0.5698    0.5842    0.3066   0.04165  0.005319 0.0006861
   182/399     12.2G   0.05071  0.009747  0.002769   0.06322        29       256    0.7444    0.5701    0.5853    0.3074   0.04159  0.005311 0.0006813
   183/399     12.2G   0.05077  0.009659  0.002737   0.06317        22       256     0.749    0.5705    0.5865    0.3086   0.04151  0.005302 0.0006768
   184/399     12.2G   0.05085  0.009648  0.002571   0.06307        24       256    0.7489    0.5725    0.5884    0.3096   0.04143  0.005291 0.0006718
   185/399     12.2G   0.05031  0.009571  0.002838   0.06272        28       256    0.7298    0.5803    0.5901    0.3102   0.04136  0.005283 0.0006676
   186/399     12.2G   0.05052  0.009655  0.002754   0.06293        16       256    0.7271    0.5824     0.591    0.3113   0.04128  0.005274  0.000664
   187/399     12.2G   0.05019  0.009809  0.002801    0.0628        35       256      0.74    0.5808    0.5921    0.3126   0.04121  0.005265   0.00066
   188/399     12.2G   0.05058  0.009673  0.002906   0.06316        10       256    0.7359    0.5829    0.5932    0.3133   0.04115  0.005255 0.0006582
   189/399     12.2G    0.0509  0.009776  0.003093   0.06377        27       256    0.7429     0.582    0.5941    0.3151   0.04108  0.005247 0.0006552
   190/399     12.2G    0.0503  0.009591  0.002768   0.06266        30       256    0.7409    0.5841    0.5954    0.3156   0.04101  0.005237 0.0006519
   191/399     12.2G   0.05015  0.009488  0.002678   0.06232        19       256    0.7441    0.5835    0.5966    0.3168   0.04093  0.005228 0.0006483
   192/399     12.2G   0.04995  0.009697  0.002797   0.06244        13       256    0.7354    0.5869    0.5978    0.3176   0.04086   0.00522 0.0006454
   193/399     12.2G   0.04999  0.009725  0.002707   0.06242        26       256    0.7368    0.5879    0.5981     0.318    0.0408  0.005212 0.0006423
   194/399     12.2G   0.04936  0.009511  0.002648   0.06152        27       256     0.742    0.5869    0.5989    0.3189   0.04072  0.005202 0.0006392
   195/399     12.2G   0.04895   0.00942  0.002491   0.06086        32       256     0.738      0.59    0.5999    0.3196   0.04065  0.005194 0.0006372
   196/399     12.2G   0.04989  0.009606  0.002573   0.06207        26       256    0.7413    0.5902    0.6011    0.3205   0.04058  0.005185 0.0006343
   197/399     12.2G   0.04963  0.009588  0.002604   0.06183        24       256    0.7437    0.5912    0.6025    0.3211   0.04051  0.005177 0.0006319
   198/399     12.2G   0.04948  0.009682  0.002582   0.06174        26       256     0.743    0.5924     0.604    0.3223   0.04043  0.005168   0.00063
   199/399     12.2G    0.0493  0.009466  0.002715   0.06149        26       256    0.7504    0.5903    0.6053     0.323   0.04035   0.00516 0.0006281
   200/399     12.2G   0.04913  0.009509  0.002547   0.06119        27       256    0.7535    0.5907    0.6063    0.3237   0.04028  0.005153 0.0006262
   201/399     12.2G   0.04897  0.009478  0.002607   0.06106        24       256    0.7533    0.5926    0.6081    0.3247    0.0402  0.005145 0.0006236
   202/399     12.2G   0.04893  0.009535  0.002626   0.06109        32       256    0.7501    0.5944     0.609    0.3263   0.04014  0.005137 0.0006214
   203/399     12.2G   0.04935  0.009531  0.002423    0.0613        25       256    0.7503    0.5958    0.6102    0.3268   0.04007  0.005129   0.00062
   204/399     12.2G   0.04934  0.009501  0.002616   0.06146        17       256    0.7517    0.5966    0.6112    0.3277      0.04  0.005119 0.0006185
   205/399     12.2G   0.04943  0.009617   0.00273   0.06178        30       256    0.7608    0.5944    0.6121    0.3286   0.03993  0.005109 0.0006161
   206/399     12.2G   0.04925  0.009474  0.002648   0.06137        32       256    0.7561     0.597    0.6135    0.3293   0.03987    0.0051 0.0006141
   207/399     12.2G   0.04978  0.009479   0.00284    0.0621        34       256    0.7594    0.5975    0.6146    0.3301    0.0398  0.005091 0.0006118
   208/399     12.2G   0.04904   0.00946  0.002585   0.06109        17       256    0.7598    0.5985    0.6156    0.3309   0.03973  0.005082 0.0006096
   209/399     12.2G   0.04896  0.009468  0.002698   0.06112        21       256    0.7598    0.5997    0.6163    0.3316   0.03967  0.005075 0.0006082
   210/399     12.2G   0.04965  0.009621  0.003009   0.06228        12       256    0.7731    0.5964    0.6177    0.3326   0.03962  0.005068 0.0006069
   211/399     12.2G   0.04909  0.009547  0.002848   0.06148        17       256    0.7627    0.6009    0.6188    0.3334   0.03956  0.005064 0.0006083
   212/399     12.2G   0.04873  0.009501  0.002688   0.06092        24       256    0.7766    0.5977    0.6198    0.3342   0.03952  0.005056 0.0006085
   213/399     12.2G   0.04838  0.009486  0.002465   0.06033        22       256    0.7764     0.599    0.6212    0.3346   0.03947  0.005049 0.0006106
   214/399     12.2G   0.04805  0.009425   0.00264   0.06011        14       256    0.7776    0.5986    0.6219    0.3355   0.03942  0.005041 0.0006121
   215/399     12.2G   0.04824  0.009391  0.002577    0.0602        41       256     0.776    0.6006    0.6229    0.3362   0.03936  0.005033 0.0006121
   216/399     12.2G   0.04806  0.009251  0.002388    0.0597        19       256    0.7753    0.6019    0.6244    0.3371    0.0393  0.005025 0.0006104
   217/399     12.2G    0.0481  0.009291   0.00277   0.06016        15       256    0.7756    0.6021    0.6244    0.3378   0.03925  0.005018 0.0006099
   218/399     12.2G   0.04866  0.009339  0.002531   0.06053        18       256    0.7801    0.6004    0.6246    0.3388   0.03919  0.005012 0.0006081
   219/399     12.2G    0.0481  0.009338  0.002543   0.05998        29       256    0.7352    0.6183    0.6262    0.3401   0.03913  0.005004 0.0006059
   220/399     12.2G   0.04794   0.00933  0.002458   0.05973        28       256    0.7366    0.6196    0.6272     0.341   0.03907  0.004996 0.0006032
   221/399     12.2G    0.0481  0.009406  0.002532   0.06004        25       256    0.7466    0.6166    0.6277     0.342   0.03901  0.004988  0.000601
   222/399     12.2G   0.04759  0.009237  0.002501   0.05933        14       256    0.7494    0.6158    0.6284    0.3432   0.03895  0.004978 0.0005988
   223/399     12.2G   0.04807  0.009404  0.002559   0.06004        33       256    0.7393    0.6206    0.6295    0.3438   0.03889   0.00497  0.000597
   224/399     12.2G    0.0479   0.00928  0.002491   0.05968        24       256    0.7471    0.6189    0.6307    0.3445   0.03884  0.004962 0.0005952
   225/399     12.2G   0.04851  0.009365  0.002635   0.06051        23       256    0.7432    0.6215    0.6317    0.3452   0.03878  0.004953 0.0005927
   226/399     12.2G   0.04805  0.009356  0.002539   0.05994        30       256    0.7491    0.6205    0.6334    0.3459   0.03872  0.004945 0.0005899
   227/399     12.2G    0.0473   0.00928  0.002572   0.05915        17       256    0.7464     0.622     0.634    0.3469   0.03867  0.004938 0.0005888
   228/399     12.2G   0.04807   0.00941  0.002706   0.06019        23       256    0.7492    0.6228    0.6352     0.348   0.03861   0.00493 0.0005879
   229/399     12.2G   0.04774  0.009224  0.002249   0.05921        27       256    0.7524    0.6229    0.6361    0.3486   0.03856  0.004923 0.0005861
   230/399     12.2G   0.04792  0.009181  0.002558   0.05966        23       256    0.7506    0.6248    0.6382    0.3493    0.0385  0.004915 0.0005843
   231/399     12.2G   0.04729  0.009206   0.00244   0.05894        18       256    0.7488     0.627    0.6393    0.3505   0.03845  0.004908 0.0005824
   232/399     12.2G   0.04769  0.009342  0.002574   0.05961        36       256    0.7553     0.626    0.6405    0.3513   0.03839    0.0049 0.0005804
   233/399     12.2G   0.04722  0.009233   0.00236   0.05882        23       256    0.7485    0.6296    0.6405    0.3522   0.03833  0.004893 0.0005786
   234/399     12.2G   0.04739  0.009192  0.002539   0.05912        22       256    0.7573    0.6268    0.6417    0.3526   0.03829  0.004885 0.0005766
   235/399     12.2G   0.04712  0.009278  0.002526   0.05892        24       256    0.7624    0.6262    0.6431    0.3534   0.03823  0.004877 0.0005747
   236/399     12.2G   0.04667  0.009049  0.002308   0.05802        40       256     0.761    0.6276    0.6435    0.3544   0.03818  0.004869 0.0005734
   237/399     12.2G     0.047  0.009156  0.002287   0.05844        25       256    0.7635    0.6285    0.6441    0.3551   0.03813  0.004861  0.000572
   238/399     12.2G   0.04637  0.009236  0.002536   0.05814        28       256    0.7628    0.6288    0.6451    0.3563   0.03807  0.004853 0.0005709
   239/399     12.2G   0.04718  0.009367  0.002705   0.05926        22       256    0.7649    0.6292    0.6464    0.3571   0.03803  0.004846 0.0005703
   240/399     12.2G   0.04727  0.009288  0.002589   0.05914        22       256    0.7619    0.6314    0.6466    0.3577   0.03798  0.004838 0.0005702
   241/399     12.2G   0.04668   0.00924  0.002565   0.05848        20       256    0.7641    0.6319    0.6472    0.3582   0.03793  0.004831 0.0005698
   242/399     12.2G   0.04649  0.009092  0.002052   0.05764        11       256    0.7637    0.6324    0.6478    0.3588   0.03788  0.004823 0.0005684
   243/399     12.2G   0.04691  0.009221  0.002445   0.05858        24       256    0.7648    0.6332    0.6487    0.3598   0.03784  0.004816 0.0005668
   244/399     12.2G   0.04684  0.009182  0.002516   0.05853        24       256     0.769    0.6322    0.6498    0.3607   0.03778  0.004808 0.0005651
   245/399     12.2G   0.04681  0.009249  0.002418   0.05848        20       256    0.7663    0.6349    0.6507    0.3617   0.03773  0.004801 0.0005633
   246/399     12.2G   0.04639  0.009186  0.002443   0.05802        16       256    0.7713    0.6348    0.6512    0.3616   0.03769  0.004793 0.0005632
   247/399     12.2G   0.04628  0.009154  0.002278   0.05771        38       256    0.7676    0.6377    0.6516    0.3623   0.03764  0.004786 0.0005616
   248/399     12.2G   0.04619  0.009073  0.002194   0.05746        33       256    0.7742    0.6369    0.6529     0.363   0.03759  0.004779 0.0005606
   249/399     12.2G   0.04653   0.00908  0.002443   0.05805        24       256    0.7728    0.6376    0.6531    0.3638   0.03753  0.004773 0.0005593
   250/399     12.2G   0.04588  0.009065  0.002297   0.05724        63       256    0.7763    0.6376    0.6538    0.3645   0.03748  0.004766 0.0005575
   251/399     12.2G   0.04649  0.009227  0.002521   0.05823        27       256    0.7754    0.6381    0.6543    0.3653   0.03742  0.004759 0.0005567
   252/399     12.2G   0.04593  0.009085  0.002375   0.05739        26       256    0.7813    0.6375    0.6566    0.3666   0.03737  0.004752 0.0005558
   253/399     12.2G   0.04625  0.009077  0.002343   0.05766        20       256     0.781     0.638    0.6573    0.3674   0.03732  0.004744 0.0005546
   254/399     12.2G    0.0458  0.009003  0.002265   0.05706        40       256    0.7842    0.6388     0.658    0.3684   0.03726  0.004737 0.0005537
   255/399     12.2G    0.0455  0.008972  0.002363   0.05683        31       256    0.7863    0.6395    0.6586     0.369   0.03721  0.004729 0.0005526
   256/399     12.2G   0.04617  0.009109  0.002388   0.05767        32       256    0.7826    0.6432    0.6599    0.3698   0.03715  0.004722 0.0005518
   257/399     12.2G   0.04598  0.009111  0.002591   0.05768        17       256    0.7816     0.643    0.6608    0.3702   0.03709  0.004715 0.0005516
   258/399     12.2G   0.04587  0.009051  0.002437   0.05736        23       256    0.7818    0.6443    0.6617    0.3705   0.03704  0.004707 0.0005511
   259/399     12.2G   0.04551  0.008999  0.002386   0.05689        16       256    0.7875    0.6428    0.6627    0.3715     0.037  0.004701 0.0005497
   260/399     12.2G   0.04563  0.009029  0.002357   0.05701        73       256     0.791    0.6417    0.6626    0.3718   0.03694  0.004694 0.0005488
   261/399     12.2G    0.0454  0.009035  0.002239   0.05668        13       256    0.7867    0.6436     0.663     0.373   0.03689  0.004687  0.000548
   262/399     12.2G   0.04537  0.008968  0.002378   0.05672        22       256    0.7859    0.6456    0.6649     0.374   0.03684   0.00468 0.0005469
   263/399     12.2G   0.04511  0.008815  0.002224   0.05615        27       256    0.7847    0.6475     0.666    0.3746   0.03679  0.004673 0.0005458
   264/399     12.2G   0.04487  0.008798   0.00218   0.05584        23       256    0.7888    0.6465    0.6664    0.3751   0.03675  0.004667 0.0005454
   265/399     12.2G   0.04523  0.008913  0.002352    0.0565        28       256    0.7933    0.6457    0.6678    0.3758    0.0367   0.00466 0.0005448
   266/399     12.2G   0.04549  0.008997  0.002353   0.05684        31       256    0.7925    0.6472    0.6687    0.3767   0.03665  0.004654 0.0005431
   267/399     12.2G   0.04512  0.008944  0.002289   0.05635        13       256    0.7919    0.6472    0.6693    0.3772    0.0366  0.004648 0.0005412
   268/399     12.2G    0.0453  0.008908  0.002384   0.05659        63       256    0.7933    0.6474    0.6704    0.3779   0.03656  0.004642 0.0005401
   269/399     12.2G   0.04507  0.008964  0.002207   0.05624        24       256    0.7931    0.6473    0.6705    0.3781   0.03651  0.004636 0.0005383
   270/399     12.2G   0.04586  0.008955   0.00251   0.05732        29       256    0.7958    0.6474     0.671    0.3787   0.03647   0.00463 0.0005369
   271/399     12.2G   0.04521  0.008977  0.002242   0.05643        32       256    0.7974    0.6473    0.6715    0.3792   0.03642  0.004624 0.0005352
   272/399     12.2G   0.04518   0.00881  0.002194   0.05618        18       256    0.7981    0.6473    0.6726    0.3804   0.03636  0.004618 0.0005331
   273/399     12.2G   0.04446  0.008924  0.002111    0.0555        25       256    0.7875     0.653    0.6735    0.3809   0.03631  0.004612 0.0005305
   274/399     12.2G   0.04486  0.008955  0.002216   0.05603        25       256    0.8008    0.6498    0.6759    0.3819   0.03627  0.004606  0.000529
   275/399     12.2G   0.04448  0.008792  0.002239   0.05551        32       256    0.8013    0.6505    0.6765    0.3824   0.03622    0.0046 0.0005279
   276/399     12.2G   0.04483  0.008865  0.002429   0.05612        21       256    0.7919    0.6552    0.6772     0.383   0.03616  0.004594 0.0005259
   277/399     12.2G   0.04469  0.008898  0.002438   0.05602        16       256    0.8012    0.6515    0.6771    0.3835   0.03611  0.004588 0.0005241
   278/399     12.2G   0.04483  0.008974  0.002207   0.05601        29       256    0.7954    0.6555    0.6781    0.3839   0.03607  0.004582 0.0005233
   279/399     12.2G   0.04421  0.008657  0.002003   0.05487        12       256    0.7985    0.6545    0.6787    0.3844   0.03602  0.004576 0.0005225
   280/399     12.2G   0.04441    0.0088  0.002238   0.05545        19       256    0.8014    0.6539     0.679     0.385   0.03598   0.00457 0.0005217
   281/399     12.2G   0.04386  0.008737  0.002205    0.0548        23       256    0.8061    0.6551    0.6811    0.3859   0.03593  0.004563 0.0005207
   282/399     12.2G   0.04419  0.008784  0.002438   0.05541        17       256    0.8064    0.6552    0.6813    0.3867   0.03588  0.004557 0.0005196
   283/399     12.2G   0.04427  0.008813  0.002216    0.0553        32       256    0.8082    0.6557    0.6825    0.3874   0.03584   0.00455 0.0005185
   284/399     12.2G   0.04408  0.008846   0.00242   0.05535        27       256    0.8094    0.6561    0.6836    0.3879   0.03579  0.004544 0.0005167
   285/399     12.2G   0.04419  0.008856  0.002197   0.05525        42       256    0.8075    0.6571    0.6841    0.3885   0.03574  0.004538 0.0005161
   286/399     12.2G   0.04356  0.008635  0.001975   0.05417        22       256    0.8143     0.655     0.685    0.3891    0.0357  0.004531 0.0005141
   287/399     12.2G   0.04416  0.008796  0.002177   0.05513        25       256    0.8157    0.6548     0.685    0.3897   0.03565  0.004524 0.0005135
   288/399     12.2G   0.04354  0.008705  0.002229   0.05448        17       256    0.8061    0.6589    0.6859     0.391   0.03561  0.004518 0.0005124
   289/399     12.2G   0.04388  0.008677  0.002147    0.0547        25       256    0.8191    0.6556     0.687    0.3914   0.03556  0.004511 0.0005111
   290/399     12.2G   0.04377  0.008716  0.002112    0.0546        31       256    0.8191    0.6556    0.6872    0.3919   0.03551  0.004505 0.0005103
   291/399     12.2G   0.04352  0.008569  0.002028   0.05411        13       256    0.8088    0.6613    0.6883    0.3927   0.03546  0.004499 0.0005087
   292/399     12.2G   0.04378  0.008689  0.002296   0.05477        25       256      0.82    0.6559    0.6885    0.3937   0.03541  0.004493 0.0005073
   293/399     12.2G   0.04288   0.00858  0.001881   0.05334        10       256     0.821    0.6567    0.6888    0.3941   0.03536  0.004486 0.0005058
   294/399     12.2G   0.04312   0.00856  0.001871   0.05355        41       256    0.8223    0.6573    0.6895    0.3954    0.0353   0.00448 0.0005049
   295/399     12.2G    0.0433  0.008635  0.002155   0.05409        26       256    0.8165    0.6611    0.6908    0.3962   0.03526  0.004474 0.0005036
   296/399     12.2G   0.04335  0.008709  0.002158   0.05422        16       256    0.8154    0.6624    0.6918    0.3971   0.03521  0.004469  0.000502
   297/399     12.2G   0.04377  0.008704  0.002149   0.05463        19       256    0.8146    0.6627    0.6919    0.3972   0.03516  0.004464 0.0005005
   298/399     12.2G   0.04355  0.008719  0.002113   0.05438        18       256    0.8255    0.6589    0.6923     0.398   0.03512  0.004458    0.0005
   299/399     12.2G   0.04283  0.008637  0.002086   0.05355        27       256    0.8152    0.6639    0.6932    0.3982   0.03507  0.004452 0.0004999
   300/399     12.2G   0.04244  0.008496  0.002017   0.05296        32       256    0.8304    0.6591     0.694    0.3987   0.03502  0.004446 0.0004998
   301/399     12.2G   0.04301  0.008678  0.002376   0.05407        28       256    0.8286    0.6596    0.6936    0.3993   0.03498  0.004441 0.0004997
   302/399     12.2G    0.0428  0.008646  0.002197   0.05364        32       256    0.8296    0.6605    0.6943    0.3996   0.03494  0.004435 0.0004991
   303/399     12.2G   0.04272  0.008455  0.002131    0.0533        32       256     0.833      0.66    0.6948    0.3999    0.0349  0.004431 0.0004992
   304/399     12.2G    0.0426  0.008486  0.001898   0.05298        39       256     0.813    0.6681    0.6951    0.4004   0.03486  0.004425 0.0004991
   305/399     12.2G   0.04257  0.008511   0.00213   0.05321        28       256    0.8128    0.6689    0.6957    0.4011   0.03482  0.004419 0.0004987
   306/399     12.2G   0.04266  0.008613  0.002135    0.0534        17       256    0.8191    0.6678    0.6964    0.4016   0.03478  0.004413 0.0004979
   307/399     12.2G   0.04298  0.008575  0.002276   0.05383        18       256    0.8193    0.6695     0.697    0.4021   0.03474  0.004408 0.0004959
   308/399     12.2G   0.04255  0.008566  0.002047   0.05316        25       256     0.822    0.6688    0.6978    0.4024    0.0347  0.004403 0.0004944
   309/399     12.2G   0.04228  0.008515  0.002054   0.05285        24       256    0.8264    0.6677    0.6987    0.4038   0.03466  0.004397 0.0004938
   310/399     12.2G   0.04267   0.00854   0.00208   0.05329        26       256    0.8388    0.6634    0.6992    0.4045   0.03462  0.004392 0.0004927
   311/399     12.2G   0.04245  0.008583  0.002093   0.05313        13       256    0.8378    0.6628    0.6984    0.4047   0.03458  0.004389 0.0004923
   312/399     12.2G   0.04273  0.008694  0.002201   0.05363        24       256    0.8342    0.6637    0.6982    0.4055   0.03454  0.004384  0.000492
   313/399     12.2G   0.04229  0.008514  0.002006   0.05281        61       256    0.8234    0.6699    0.6999    0.4055   0.03451  0.004379 0.0004918
   314/399     12.2G   0.04193  0.008406   0.00204   0.05237        23       256    0.8367    0.6661    0.7005    0.4062   0.03448  0.004374 0.0004917
   315/399     12.2G   0.04181  0.008445  0.002033   0.05229        20       256    0.8387    0.6663    0.7013    0.4067   0.03444   0.00437 0.0004903
   316/399     12.2G   0.04287  0.008579   0.00211   0.05356        27       256    0.8447     0.665    0.7019     0.407   0.03441  0.004365 0.0004898
   317/399     12.2G   0.04228  0.008525  0.001989   0.05279        23       256    0.8379    0.6693    0.7033    0.4078   0.03437   0.00436 0.0004889
   318/399     12.2G   0.04254  0.008608  0.002207   0.05335        25       256    0.8457     0.666    0.7035    0.4085   0.03433  0.004355  0.000488
   319/399     12.2G   0.04257  0.008428  0.001998   0.05299        55       256    0.8468    0.6666     0.704    0.4083    0.0343   0.00435 0.0004881
   320/399     12.2G   0.04221  0.008495  0.002075   0.05278        22       256    0.8456    0.6672    0.7037    0.4092   0.03427  0.004345 0.0004877
   321/399     12.2G   0.04236  0.008471   0.00211   0.05294        23       256    0.8414     0.669    0.7041    0.4098   0.03424   0.00434 0.0004863
   322/399     12.2G   0.04152  0.008405  0.001924   0.05185        26       256    0.8464    0.6679    0.7053    0.4098   0.03421  0.004336 0.0004854
   323/399     12.2G   0.04175  0.008389  0.002028   0.05217        27       256     0.801    0.6878    0.7051    0.4101   0.03417   0.00433 0.0004851
   324/399     12.2G   0.04163  0.008442  0.001914   0.05198        21       256    0.8436    0.6707     0.706    0.4112   0.03414  0.004326 0.0004847
   325/399     12.2G   0.04191   0.00844   0.00208   0.05243        24       256    0.8201    0.6812    0.7068    0.4119    0.0341   0.00432 0.0004846
   326/399     12.2G   0.04238    0.0084  0.002103   0.05288        28       256    0.8232    0.6808    0.7073     0.412   0.03407  0.004316 0.0004836
   327/399     12.2G   0.04248  0.008597  0.002288   0.05336        45       256    0.8238    0.6813     0.708    0.4126   0.03403  0.004311 0.0004822
   328/399     12.2G   0.04148  0.008321  0.001917   0.05172        23       256     0.826    0.6821    0.7101    0.4132   0.03399  0.004306 0.0004808
   329/399     12.2G    0.0413  0.008438  0.001864    0.0516        25       256    0.8263    0.6819    0.7101    0.4141   0.03397  0.004301 0.0004798
   330/399     12.2G   0.04153  0.008359  0.002038   0.05193        26       256    0.8262    0.6824    0.7106    0.4142   0.03394  0.004295 0.0004789
   331/399     12.2G   0.04178  0.008362  0.001973   0.05211        33       256    0.8278    0.6827    0.7115    0.4149   0.03391  0.004291 0.0004783
   332/399     12.2G   0.04167  0.008391   0.00211   0.05217        33       256    0.8268    0.6828     0.712    0.4158   0.03388  0.004285 0.0004774
   333/399     12.2G    0.0415  0.008239  0.001948   0.05168        77       256    0.8407    0.6781    0.7125    0.4165   0.03386   0.00428 0.0004757
   334/399     12.2G   0.04146  0.008352    0.0019   0.05171        20       256    0.8427    0.6775    0.7129    0.4173   0.03384  0.004275 0.0004743
   335/399     12.2G   0.04119  0.008323  0.001828   0.05134        21       256    0.8372    0.6804    0.7132    0.4181   0.03381  0.004269 0.0004736
   336/399     12.2G   0.04127  0.008271  0.002035   0.05158        15       256    0.8363    0.6811    0.7135     0.418   0.03378  0.004265  0.000474
   337/399     12.2G   0.04164  0.008423  0.001996   0.05206        37       256    0.8438    0.6792    0.7143    0.4183   0.03376  0.004261 0.0004741
   338/399     12.2G   0.04094  0.008265  0.001833   0.05104        57       256    0.8442    0.6792    0.7146    0.4188   0.03373  0.004256 0.0004735
   339/399     12.2G   0.04117  0.008335  0.001889    0.0514        28       256    0.8051    0.6968    0.7152    0.4193   0.03371  0.004252 0.0004729
   340/399     12.2G   0.04118  0.008343  0.002137   0.05166        24       256    0.8048    0.6977     0.716    0.4203   0.03368  0.004248 0.0004727
   341/399     12.2G   0.04111  0.008341   0.00184   0.05129        39       256    0.8169    0.6927    0.7163    0.4207   0.03365  0.004244 0.0004722
   342/399     12.2G   0.04089    0.0083  0.001916    0.0511        18       256    0.8053    0.6986    0.7167    0.4213   0.03362  0.004239 0.0004719
   343/399     12.2G   0.04146  0.008216  0.001943   0.05162        17       256    0.8264    0.6898    0.7173    0.4218    0.0336  0.004235 0.0004721
   344/399     12.2G   0.04109  0.008248  0.001993   0.05133        59       256    0.8241    0.6913    0.7176    0.4221   0.03357   0.00423  0.000473
   345/399     12.2G   0.04115  0.008251  0.001963   0.05136        49       256    0.8247    0.6919    0.7187    0.4227   0.03354  0.004226 0.0004739
   346/399     12.2G   0.04078  0.008393  0.001863   0.05104        35       256    0.8226    0.6933    0.7189    0.4225   0.03351  0.004222 0.0004743
   347/399     12.2G   0.04181  0.008438  0.002242   0.05249        29       256    0.8214    0.6947    0.7191    0.4233   0.03349  0.004218 0.0004731
   348/399     12.2G   0.04096  0.008391  0.002116   0.05146        24       256    0.8222    0.6956    0.7197    0.4238   0.03347  0.004213 0.0004722
   349/399     12.2G    0.0404  0.008294  0.002053   0.05075        34       256    0.8234    0.6957    0.7209    0.4238   0.03344  0.004208 0.0004705
   350/399     12.2G   0.04059  0.008237  0.001931   0.05075        22       256    0.8266     0.696    0.7216     0.424   0.03342  0.004204 0.0004692
   351/399     12.2G   0.04066  0.008204  0.001962   0.05082        20       256    0.8271    0.6968    0.7224    0.4245    0.0334    0.0042 0.0004686
   352/399     12.2G   0.04067  0.008227  0.001809   0.05071        69       256    0.8272    0.6964    0.7223    0.4247   0.03338  0.004196 0.0004675
   353/399     12.2G   0.04067  0.008171  0.001829   0.05067        26       256    0.8258    0.6972     0.723    0.4249   0.03335  0.004192 0.0004667
   354/399     12.2G   0.04081   0.00826  0.002028    0.0511        27       256     0.825    0.6979    0.7231    0.4255   0.03332  0.004189 0.0004655
   355/399     12.2G    0.0409  0.008109  0.001976   0.05099        16       256    0.8256    0.6988    0.7239    0.4265    0.0333  0.004185 0.0004648
   356/399     12.2G   0.04069  0.008243  0.001838   0.05077        36       256    0.8331    0.6968    0.7246    0.4266   0.03327   0.00418 0.0004635
   357/399     12.2G   0.04031  0.008139  0.001842   0.05029        36       256    0.8249    0.7007    0.7252    0.4272   0.03325  0.004177 0.0004623
   358/399     12.2G   0.04014  0.008125  0.001766   0.05004        24       256    0.8266    0.7018    0.7264    0.4278   0.03323  0.004173 0.0004615
   359/399     12.2G   0.04063   0.00823  0.001954   0.05081        35       256    0.8318    0.7002    0.7273    0.4282   0.03322  0.004169 0.0004609
   360/399     12.2G    0.0402  0.008158  0.001829   0.05019        22       256    0.8264    0.7022    0.7279    0.4286   0.03319  0.004165 0.0004606
   361/399     12.2G   0.04001  0.008059  0.001882   0.04995        20       256    0.8464    0.6957    0.7287    0.4293   0.03316   0.00416 0.0004602
   362/399     12.2G   0.03981  0.008121  0.001792   0.04972        10       256     0.849    0.6969    0.7305    0.4298   0.03315  0.004156 0.0004601
   363/399     12.2G   0.04041  0.008101  0.002002   0.05051        23       256    0.8171    0.7115    0.7311    0.4302   0.03312  0.004152 0.0004595
   364/399     12.2G   0.04032  0.008211  0.001973    0.0505        26       256    0.8179    0.7125    0.7314    0.4311    0.0331  0.004148 0.0004599
   365/399     12.2G   0.04019  0.008103  0.001956   0.05025        20       256    0.8193    0.7132     0.732     0.431   0.03308  0.004144 0.0004589
   366/399     12.2G   0.04002  0.008224  0.001937   0.05018        33       256    0.8265    0.7106    0.7324    0.4318   0.03305  0.004139 0.0004585
   367/399     12.2G    0.0405  0.008303  0.002019   0.05083        49       256    0.8285    0.7106    0.7323     0.432   0.03302  0.004135 0.0004594
   368/399     12.2G   0.03996  0.008214  0.001852   0.05003        55       256    0.8325    0.7102    0.7328    0.4331     0.033  0.004131 0.0004593
   369/399     12.2G   0.03991  0.008169  0.001851   0.04993        29       256    0.8286    0.7112    0.7333    0.4335   0.03297  0.004127 0.0004592
   370/399     12.2G   0.04009  0.008054  0.002039   0.05018        13       256    0.8292    0.7112    0.7339    0.4339   0.03295  0.004124   0.00046
   371/399     12.2G   0.03999  0.008132  0.001904   0.05002        20       256    0.8323    0.7107    0.7344    0.4341   0.03292   0.00412 0.0004606
   372/399     12.2G   0.03976   0.00808  0.001775   0.04961        59       256    0.8311    0.7115    0.7351    0.4347    0.0329  0.004117 0.0004609
   373/399     12.2G   0.04021  0.008172  0.001947   0.05033        38       256    0.8338    0.7097    0.7345    0.4347   0.03288  0.004114  0.000461
   374/399     12.2G   0.04013  0.008164  0.001858   0.05015        22       256    0.8257     0.714    0.7352    0.4347   0.03285   0.00411 0.0004606
   375/399     12.2G   0.03969  0.008057  0.001694   0.04944        14       256    0.8272    0.7137    0.7356    0.4355   0.03283  0.004107 0.0004604
   376/399     12.2G   0.04026  0.008215  0.001882   0.05036        56       256    0.8287    0.7145    0.7369    0.4361   0.03281  0.004104 0.0004596
   377/399     12.2G   0.03984  0.008113  0.001897   0.04985        27       256     0.833    0.7133    0.7371    0.4362   0.03279  0.004102  0.000459
   378/399     12.2G   0.03954  0.008035  0.001883   0.04946        25       256    0.8307    0.7147    0.7376     0.437   0.03277  0.004098 0.0004578
   379/399     12.2G   0.03972  0.008007  0.001913   0.04964        23       256    0.8309    0.7141    0.7372    0.4374   0.03275  0.004095 0.0004571
   380/399     12.2G   0.03982  0.008142  0.001972   0.04993        20       256      0.83    0.7142    0.7372    0.4379   0.03272  0.004091 0.0004568
   381/399     12.2G   0.03994  0.008078  0.001833   0.04985        56       256    0.8319    0.7139    0.7374    0.4383    0.0327  0.004088 0.0004564
   382/399     12.2G   0.04022  0.008131  0.001954    0.0503        21       256    0.8308    0.7157    0.7382    0.4386   0.03268  0.004086 0.0004566
   383/399     12.2G   0.03986  0.008054  0.001947   0.04986        13       256    0.8307    0.7158    0.7383    0.4389   0.03265  0.004082 0.0004562
   384/399     12.2G   0.04005  0.008085  0.001905   0.05004        22       256     0.828    0.7167    0.7379    0.4393   0.03263   0.00408 0.0004562
   385/399     12.2G   0.03987  0.008057  0.001905   0.04983        15       256    0.8299    0.7171    0.7388    0.4394   0.03261  0.004077 0.0004564
   386/399     12.2G   0.03975  0.008165  0.001836   0.04975        28       256     0.828    0.7186    0.7392    0.4397   0.03258  0.004074 0.0004573
   387/399     12.2G   0.03971  0.008087  0.001907   0.04971        18       256    0.8254    0.7199    0.7391    0.4403   0.03256  0.004072 0.0004581
   388/399     12.2G   0.03954  0.007969  0.001701   0.04921        30       256    0.8249    0.7207    0.7391    0.4409   0.03254  0.004069 0.0004587
   389/399     12.2G   0.03941  0.008036   0.00173   0.04918        23       256    0.8233    0.7211    0.7398    0.4405   0.03252  0.004066 0.0004592
   390/399     12.2G   0.03943   0.00806  0.001704   0.04919        27       256    0.8223    0.7211    0.7397    0.4411   0.03249  0.004063 0.0004591
   391/399     12.2G   0.03984  0.008124   0.00188   0.04984        35       256    0.8204    0.7219    0.7394    0.4416   0.03247   0.00406 0.0004588
   392/399     12.2G    0.0394  0.008063  0.001761   0.04922        21       256    0.8221    0.7221    0.7398    0.4425   0.03246  0.004058 0.0004581
   393/399     12.2G   0.03973  0.008057  0.001924   0.04971        44       256    0.8275    0.7195    0.7406    0.4432   0.03244  0.004055 0.0004576
   394/399     12.2G   0.03925  0.008041   0.00178   0.04908        38       256    0.8261    0.7198    0.7401    0.4434   0.03242  0.004053  0.000458
   395/399     12.2G   0.03947   0.00806  0.001889   0.04942        32       256    0.8332    0.7162    0.7403    0.4435    0.0324  0.004051 0.0004578
   396/399     12.2G   0.04022  0.008146     0.002   0.05037        14       256    0.8321    0.7167    0.7401    0.4436   0.03238  0.004049 0.0004579
   397/399     12.2G   0.03986  0.008054  0.001843   0.04976        31       256    0.8358    0.7156    0.7401    0.4444   0.03237  0.004047 0.0004582
   398/399     12.2G   0.03936  0.008074  0.001782   0.04922        14       256    0.8256    0.7209    0.7407    0.4445   0.03236  0.004046 0.0004584
   399/399     12.2G   0.03957  0.008125  0.001709   0.04941        22       256    0.8283    0.7207    0.7412     0.445   0.03234  0.004043 0.0004586
