   0.09495   0.01191   0.01829    0.1251    0.1189         0    0.0022    0.5962    0.1909    0.1517   0.04648   0.07797  0.007655  0.006956  0.009992  0.009992  0.009992
   0.07612   0.01189  0.008132   0.09614   0.08206         0  0.001287    0.3797    0.2049    0.1649   0.04593   0.07205  0.007841  0.008307  0.009968  0.009968  0.009968
   0.07386   0.01169  0.008107   0.09366   0.07747         0  0.001155    0.5493    0.2027    0.1394   0.04066   0.07305  0.008491  0.007963  0.009929  0.009929  0.009929
   0.07454   0.01186  0.008571   0.09497   0.07791         0  0.001066    0.2625    0.1818     0.153   0.04579   0.07436  0.008482   0.01227  0.009874  0.009874  0.009874
   0.07579   0.01184  0.009179    0.0968   0.07853         0  0.001037    0.5313    0.1537    0.1074    0.0313   0.07534  0.007738   0.01186  0.009804  0.009804  0.009804
   0.07454   0.01189  0.008308   0.09474   0.08146         0 0.0009886    0.6287    0.2112    0.1994   0.06523    0.0689  0.007294  0.005407  0.009719  0.009719  0.009719
   0.07117   0.01174   0.00675   0.08966   0.08304         0 0.0009111    0.6621    0.2409    0.2145   0.07493   0.06815  0.007191  0.003782  0.009619  0.009619  0.009619
    0.0697   0.01147  0.006322    0.0875   0.08611         0 0.0009233    0.5073    0.2591    0.2392   0.08442   0.06595  0.007624  0.004815  0.009505  0.009505  0.009505
   0.06903   0.01159  0.005899   0.08651    0.1151         0 0.0009433    0.4766    0.3023    0.2732    0.0987   0.06392  0.007257  0.006248  0.009377  0.009377  0.009377
   0.06784   0.01125  0.005402   0.08449    0.1016         0  0.000993    0.4282    0.3353    0.3042    0.1222   0.06226  0.007071  0.003185  0.009236  0.009236  0.009236
   0.06649   0.01121  0.005121   0.08281   0.09702         0 0.0009829    0.4944    0.3261    0.3142    0.1258   0.06074  0.006955  0.002903  0.009082  0.009082  0.009082
   0.06571   0.01119  0.005196    0.0821    0.0941         0 0.0009633    0.4142    0.3261    0.2803    0.1055   0.06121  0.007008  0.004335  0.008916  0.008916  0.008916
    0.0658   0.01129  0.005018   0.08212   0.09067         0 0.0009447    0.5237    0.2745     0.264    0.1045   0.06216  0.007165  0.003561  0.008738  0.008738  0.008738
    0.0651   0.01125  0.005027   0.08138    0.0903         0 0.0009931    0.5001    0.3614    0.3513    0.1426   0.05812  0.006618  0.002281   0.00855   0.00855   0.00855
    0.0647   0.01124  0.004983   0.08092   0.08793         0 0.0009867    0.4407    0.3218    0.2731    0.1078   0.06513  0.007126  0.006544  0.008351  0.008351  0.008351
    0.0645   0.01105  0.004549   0.08011   0.08515         0  0.001032    0.5612    0.3582    0.3438    0.1366   0.05884  0.006914  0.002609  0.008143  0.008143  0.008143
   0.06362   0.01103  0.004679   0.07932   0.08415         0 0.0009752    0.5724    0.3484    0.3472    0.1438   0.05827  0.006992   0.00311  0.007927  0.007927  0.007927
   0.06253   0.01106  0.004294   0.07788   0.08259         0 0.0009734    0.5604    0.4011    0.3834    0.1589   0.05615  0.006473  0.001626  0.007703  0.007703  0.007703
   0.06201   0.01099    0.0042    0.0772   0.08165         0 0.0009795    0.5527     0.403    0.3927    0.1713   0.05621  0.006462  0.002319  0.007472  0.007472  0.007472
   0.06144   0.01075  0.004143   0.07633   0.08116         0 0.0009232    0.5234    0.3933    0.3896    0.1705   0.05639  0.006676  0.002582  0.007236  0.007236  0.007236
   0.06101   0.01087  0.003847   0.07573   0.08037         0 0.0009134    0.5601    0.4157    0.4105    0.1792   0.05427  0.006386  0.001592  0.006995  0.006995  0.006995
      0.06   0.01069  0.003772   0.07446   0.07923         0 0.0008989    0.5543    0.4514     0.438    0.1969   0.05287  0.006312  0.002486   0.00675   0.00675   0.00675
   0.05953   0.01066  0.003637   0.07383   0.07892         0 0.0009107    0.5976    0.4326    0.4323    0.1924    0.0529  0.006209  0.001532  0.006501  0.006501  0.006501
   0.05922   0.01066  0.003916    0.0738   0.07841         0 0.0009107    0.5526     0.422    0.4244    0.1887   0.05262  0.006269    0.0018  0.006251  0.006251  0.006251
   0.05836   0.01072  0.003467   0.07255   0.07804         0 0.0008979    0.6144    0.4511    0.4623    0.2122   0.05115  0.006141  0.001275     0.006     0.006     0.006
   0.05798   0.01046  0.003229   0.07167   0.07942         0 0.0009118    0.6111    0.4696    0.4725     0.218   0.05056  0.006052   0.00136  0.005749  0.005749  0.005749
   0.05781   0.01057  0.003497   0.07188   0.07806         0 0.0009383    0.6225    0.4626    0.4764    0.2185   0.04972  0.006081  0.001425  0.005499  0.005499  0.005499
   0.05727   0.01035  0.003235   0.07085   0.07674         0 0.0008953    0.6142    0.4803    0.4822    0.2269   0.04917  0.005937  0.001153   0.00525   0.00525   0.00525
   0.05664   0.01044  0.003382   0.07046   0.07617         0 0.0009021    0.6328    0.4869     0.494    0.2379   0.04841  0.005882  0.001106  0.005005  0.005005  0.005005
   0.05599   0.01034  0.002999   0.06933   0.07502         0 0.0008941    0.6675    0.4706     0.499    0.2382   0.04821  0.005831  0.001194  0.004764  0.004764  0.004764
    0.0557    0.0102  0.003203   0.06911   0.07494         0 0.0008895    0.6308    0.4996    0.5126    0.2411   0.04806  0.005757   0.00104  0.004528  0.004528  0.004528
   0.05554   0.01034  0.003459   0.06934   0.07503         0 0.0008777    0.6544    0.5089    0.5229    0.2536   0.04708  0.005715 0.0009345  0.004297  0.004297  0.004297
   0.05454   0.01006  0.002927   0.06753   0.07413         0 0.0009068    0.6943    0.5102    0.5352    0.2614   0.04696  0.005624 0.0008572  0.004073  0.004073  0.004073
   0.05418   0.01015  0.003056   0.06738   0.07355         0 0.0008777     0.668    0.5102    0.5318     0.258   0.04705  0.005702 0.0009318  0.003857  0.003857  0.003857
   0.05413  0.009914  0.002913   0.06695   0.07391         0 0.0009001    0.6817    0.5174    0.5389    0.2675   0.04605  0.005636 0.0007644  0.003649  0.003649  0.003649
   0.05323   0.01005  0.003173   0.06645   0.07295         0 0.0008789    0.6856    0.5324    0.5492    0.2745   0.04557  0.005513  0.000684   0.00345   0.00345   0.00345
   0.05319  0.009929  0.002781    0.0659   0.07227         0  0.000875    0.6996    0.5259    0.5529    0.2771   0.04544  0.005448 0.0006641  0.003262  0.003262  0.003262
   0.05288  0.009973    0.0028   0.06565   0.07192         0 0.0008668    0.6939    0.5322    0.5516    0.2768   0.04488  0.005471 0.0007167  0.003084  0.003084  0.003084
   0.05241  0.009867  0.002779   0.06506   0.07145         0 0.0008574    0.6786    0.5473    0.5566    0.2772   0.04526  0.005464 0.0006871  0.002918  0.002918  0.002918
   0.05165  0.009882  0.002644   0.06418    0.0712         0 0.0008888    0.6913    0.5485    0.5623    0.2845   0.04467  0.005365 0.0006411  0.002764  0.002764  0.002764
   0.05096  0.009718   0.00256   0.06324   0.07019         0 0.0008724    0.6849    0.5589     0.569    0.2927   0.04374  0.005295 0.0006036  0.002623  0.002623  0.002623
   0.05027  0.009782  0.002434   0.06249   0.06962         0 0.0008628    0.6892    0.5699    0.5783    0.3004   0.04345   0.00526 0.0005698  0.002495  0.002495  0.002495
   0.05005  0.009637  0.002321   0.06201   0.06954         0  0.000867    0.7225    0.5641    0.5828    0.3007   0.04339  0.005238 0.0005596  0.002381  0.002381  0.002381
   0.05033   0.00955  0.002498   0.06238   0.06959         0 0.0008619    0.7512    0.5515     0.583     0.304   0.04315  0.005225 0.0005646  0.002281  0.002281  0.002281
   0.04985  0.009664  0.002405   0.06191    0.0693         0 0.0008651    0.7036    0.5741    0.5863    0.3065   0.04291  0.005189 0.0005423  0.002196  0.002196  0.002196
   0.04898  0.009491  0.002345   0.06082   0.06855         0 0.0008556    0.7228    0.5794    0.5939    0.3138   0.04251  0.005134  0.000504  0.002126  0.002126  0.002126
   0.04916  0.009559   0.00231   0.06103   0.06881         0 0.0008509    0.7239    0.5758    0.5936    0.3127   0.04251  0.005108 0.0004785  0.002071  0.002071  0.002071
   0.04872   0.00943  0.002294   0.06044   0.06845         0 0.0008762    0.7205    0.5851    0.5981    0.3163   0.04226  0.005082  0.000461  0.002032  0.002032  0.002032
   0.04803  0.009268  0.002139   0.05944   0.06754         0 0.0008587    0.7296    0.5862    0.6036    0.3199   0.04193  0.005058 0.0005352  0.002008  0.002008  0.002008
   0.04862  0.009362  0.002291   0.06027   0.06801         0 0.0008427    0.7097    0.5925    0.6041    0.3231   0.04179  0.005033 0.0005219     0.002     0.002     0.002
