   0.09229   0.01201   0.01694    0.1212    0.1127         0  0.004426    0.5384    0.1954    0.1232    0.0343   0.07814  0.007986  0.006191      0.01      0.01      0.01
   0.07638   0.01186  0.008377   0.09662   0.08176         0  0.002896    0.2881    0.2542    0.1739   0.04815   0.07326  0.007536  0.006791      0.01      0.01      0.01
   0.07831   0.01197   0.01014    0.1004   0.08455         0  0.002703    0.5891    0.1681    0.1347   0.03971   0.07903  0.007275  0.007468  0.009999  0.009999  0.009999
   0.09469   0.01225   0.01996    0.1269     0.114         0  0.001924    0.6934   0.06144   0.01122  0.002431    0.1017   0.00821   0.01784  0.009998  0.009998  0.009998
   0.09324   0.01246   0.01789    0.1236    0.1252         0  0.001188    0.4211    0.1191   0.03923  0.008773   0.08671  0.008294   0.01108  0.009997  0.009997  0.009997
   0.08817   0.01255   0.01553    0.1163    0.1157         0  0.001426     0.534    0.1549   0.09118   0.02306   0.08094  0.008092   0.01063  0.009996  0.009996  0.009996
   0.08495   0.01265    0.0138    0.1114    0.1062         0  0.001638    0.5021    0.1795   0.09616   0.02541   0.07839  0.008002  0.007971  0.009994  0.009994  0.009994
   0.08417   0.01237   0.01349      0.11    0.1016         0  0.001786    0.5326    0.1709    0.1187   0.03444   0.07685  0.007863  0.007912  0.009992  0.009992  0.009992
   0.08309   0.01257   0.01275    0.1084    0.1015         0  0.001867    0.2714    0.1576    0.1176   0.03521   0.07747  0.007889  0.008053   0.00999   0.00999   0.00999
   0.08141   0.01222   0.01158    0.1052   0.09644         0  0.001902    0.5929    0.1985     0.154   0.05449   0.07317  0.007763  0.008473  0.009988  0.009988  0.009988
   0.08069   0.01223   0.01211     0.105   0.09528         0  0.001969    0.6238     0.177    0.1538   0.05303   0.07278  0.007616  0.008462  0.009985  0.009985  0.009985
   0.07917   0.01217   0.01109    0.1024   0.09254         0  0.001884    0.6391    0.1923    0.1539   0.05107   0.07225  0.007668  0.006661  0.009982  0.009982  0.009982
    0.0793    0.0122   0.01085    0.1023   0.09266         0  0.001941    0.6409    0.2091    0.1668   0.05404    0.0716  0.007718  0.006995  0.009979  0.009979  0.009979
   0.07855   0.01215   0.01082    0.1015   0.09201         0  0.001996    0.6297    0.1923    0.1595   0.05623    0.0715  0.007633  0.008387  0.009976  0.009976  0.009976
   0.07816   0.01226   0.01063    0.1011   0.09102         0  0.001861    0.6511    0.2102    0.1866   0.06894   0.07055  0.007664  0.005743  0.009972  0.009972  0.009972
   0.07799   0.01219   0.01042    0.1006   0.08929         0   0.00188    0.6396   0.08117   0.07504   0.02115   0.07643    0.0079   0.01163  0.009968  0.009968  0.009968
   0.07809   0.01221   0.01056    0.1009   0.08849         0  0.001923    0.6794    0.2148    0.1961   0.07342   0.06876  0.007551  0.005694  0.009964  0.009964  0.009964
    0.0774   0.01227   0.01027   0.09994   0.08765         0  0.001941    0.6702    0.2183    0.1994    0.0756   0.06778  0.007513  0.005391   0.00996   0.00996   0.00996
   0.07655   0.01219  0.009658   0.09841   0.08682         0  0.001941    0.6847    0.2059    0.1829   0.06829   0.06807  0.007488  0.005496  0.009956  0.009956  0.009956
   0.07632   0.01204  0.009583   0.09794   0.08628         0  0.001892    0.6864    0.2172    0.2117   0.08393   0.06698  0.007489  0.005296  0.009951  0.009951  0.009951
   0.07584   0.01224  0.009282   0.09736     0.086         0  0.001923    0.6825    0.2324    0.2105   0.08242   0.06648  0.007383  0.005078  0.009946  0.009946  0.009946
   0.07513   0.01207  0.008624   0.09582   0.08547         0  0.001927    0.6853    0.2315     0.218   0.08526    0.0655  0.007389  0.004742   0.00994   0.00994   0.00994
   0.07477   0.01201  0.008534   0.09531   0.08459         0  0.001924    0.6974    0.2374    0.2233   0.08947   0.06512  0.007424  0.004686  0.009935  0.009935  0.009935
   0.07426   0.01212  0.008557   0.09494    0.0841         0  0.001942    0.6978    0.2369    0.2307   0.09301   0.06451  0.007406  0.004343  0.009929  0.009929  0.009929
   0.07448   0.01222  0.008957   0.09566   0.08365         0  0.001939    0.6732    0.2128    0.1996     0.081   0.06815  0.007539  0.007337  0.009923  0.009923  0.009923
   0.07417   0.01199  0.008678   0.09484   0.08334         0  0.001949    0.6972    0.2326    0.2263   0.09565   0.06502  0.007351  0.005347  0.009917  0.009917  0.009917
   0.07423   0.01211   0.00855   0.09488   0.08341         0  0.001963    0.6905    0.2434    0.2336   0.09723   0.06429  0.007343  0.004794   0.00991   0.00991   0.00991
   0.07384   0.01185  0.008184   0.09387   0.08384         0  0.001967    0.7229    0.2329    0.2369    0.1005   0.06391  0.007316  0.004479  0.009904  0.009904  0.009904
   0.07366   0.01209  0.007997   0.09375   0.08322         0  0.001928    0.7384    0.2245    0.2329   0.09956   0.06431   0.00731  0.005319  0.009897  0.009897  0.009897
   0.07318   0.01207  0.007583   0.09283   0.08222         0  0.001936    0.7308    0.2313    0.2389    0.1027   0.06365   0.00727   0.00497  0.009889  0.009889  0.009889
   0.07299   0.01184  0.007803   0.09264   0.08263         0  0.001928    0.7451    0.2281    0.2439    0.1053   0.06321  0.007257  0.004792  0.009882  0.009882  0.009882
   0.07351   0.01209   0.00808   0.09369   0.08247         0  0.001957    0.7473     0.228    0.2457    0.1063   0.06288  0.007242  0.004511  0.009874  0.009874  0.009874
   0.07287   0.01188  0.008037   0.09278    0.0817         0  0.001928    0.7422    0.2327    0.2476    0.1055   0.06257  0.007219  0.004279  0.009866  0.009866  0.009866
   0.07252   0.01191  0.007795   0.09222   0.08134         0  0.001946    0.7144    0.2473    0.2497    0.1069   0.06239  0.007199  0.003944  0.009858  0.009858  0.009858
   0.07237   0.01172  0.007688   0.09178    0.0816         0  0.001965    0.7252    0.2461    0.2532    0.1088   0.06219  0.007179  0.003709   0.00985   0.00985   0.00985
    0.0723   0.01187   0.00724   0.09141   0.08135         0  0.001979    0.7276    0.2442    0.2538    0.1096   0.06197  0.007169  0.003649  0.009841  0.009841  0.009841
    0.0721   0.01186  0.007118   0.09108   0.08087         0  0.001967    0.6923    0.2644    0.2556    0.1102   0.06183  0.007163  0.003628  0.009832  0.009832  0.009832
   0.07189   0.01183  0.006952   0.09067   0.08041         0   0.00191    0.7419    0.2412    0.2575    0.1113   0.06173  0.007149  0.003658  0.009823  0.009823  0.009823
   0.07162   0.01179  0.007382   0.09079   0.08073         0  0.001977    0.6982    0.2624    0.2587    0.1119   0.06163  0.007141  0.003681  0.009814  0.009814  0.009814
   0.07174   0.01196  0.007474   0.09117   0.07965         0  0.001914    0.7037      0.26    0.2586    0.1119   0.06174  0.007136  0.004182  0.009804  0.009804  0.009804
    0.0714   0.01184  0.007674   0.09091    0.0789         0  0.001962    0.7098    0.2573    0.2589    0.1122   0.06176  0.007131  0.004381  0.009794  0.009794  0.009794
   0.07129   0.01194   0.00728   0.09051   0.07848         0  0.001937    0.7104     0.258    0.2601    0.1128   0.06169  0.007128  0.004434  0.009784  0.009784  0.009784
   0.07089   0.01183  0.007034   0.08975   0.07923         0  0.001894    0.7034    0.2615    0.2606    0.1133   0.06164  0.007127   0.00445  0.009774  0.009774  0.009774
   0.07096   0.01181  0.006845   0.08961   0.07892         0  0.001912    0.7511      0.24     0.261    0.1139   0.06157  0.007124  0.004426  0.009764  0.009764  0.009764
    0.0713   0.01199  0.007435   0.09073    0.0773         0  0.001952    0.7132    0.2562    0.2616    0.1142    0.0615  0.007116   0.00421  0.009753  0.009753  0.009753
   0.07092   0.01186  0.007262   0.09004   0.07748         0  0.001964    0.7059    0.2617    0.2625    0.1142   0.06142   0.00711  0.004003  0.009742  0.009742  0.009742
   0.07108   0.01191  0.006805   0.08979    0.0787         0  0.001951    0.6924    0.2711    0.2645    0.1151   0.06135  0.007107  0.003896  0.009731  0.009731  0.009731
   0.07107   0.01182  0.007188   0.09008   0.07764         0  0.001988    0.6923    0.2712    0.2646    0.1158   0.06133  0.007107  0.003896  0.009719  0.009719  0.009719
   0.07104   0.01183  0.007055   0.08992   0.07587         0  0.001945     0.715     0.259    0.2631    0.1152    0.0614   0.00712  0.003904  0.009707  0.009707  0.009707
   0.07112   0.01188  0.006584   0.08958   0.07664         0  0.001919    0.6945    0.2669    0.2627    0.1156   0.06147  0.007132  0.003937  0.009696  0.009696  0.009696
   0.07071   0.01181  0.007307   0.08983   0.07539         0  0.001898    0.7101      0.26    0.2627    0.1161   0.06149  0.007142  0.003957  0.009683  0.009683  0.009683
    0.0701   0.01194  0.006505   0.08855   0.07464         0  0.001972      0.72    0.2559    0.2615    0.1155   0.06149  0.007149   0.00397  0.009671  0.009671  0.009671
   0.07136   0.01177  0.007354   0.09048   0.07563         0  0.001983    0.7082    0.2603    0.2603    0.1137   0.06163  0.007171  0.004083  0.009658  0.009658  0.009658
   0.07125   0.01198  0.007537   0.09076   0.07441         0  0.001917    0.7175    0.2484    0.2532     0.111   0.06222  0.007252  0.004471  0.009646  0.009646  0.009646
    0.0711   0.01187  0.007197   0.09016   0.07456         0  0.001938    0.7146    0.2474    0.2505    0.1101    0.0625  0.007297  0.004704  0.009633  0.009633  0.009633
   0.07061   0.01187  0.006781   0.08926   0.07502         0  0.001929     0.716    0.2444    0.2481    0.1094    0.0627  0.007331  0.004888  0.009619  0.009619  0.009619
   0.07057   0.01179  0.006772   0.08913    0.0744         0  0.001888    0.7101    0.2452    0.2466     0.109   0.06284  0.007361  0.005052  0.009606  0.009606  0.009606
   0.06964   0.01197  0.006667   0.08827   0.07334         0  0.001883    0.7134     0.242    0.2456    0.1079   0.06294  0.007384  0.005182  0.009592  0.009592  0.009592
   0.06974    0.0118  0.006461     0.088   0.07247         0  0.001922    0.7157    0.2398    0.2452    0.1082   0.06298  0.007398  0.005257  0.009578  0.009578  0.009578
   0.06997   0.01193  0.006402   0.08831   0.07421         0  0.001892    0.7177    0.2396    0.2451    0.1082   0.06298  0.007408  0.005321  0.009564  0.009564  0.009564
    0.0696    0.0117  0.006396   0.08769   0.07429         0  0.001903    0.7195    0.2394    0.2458    0.1086   0.06296  0.007411  0.005359   0.00955   0.00955   0.00955
   0.07034   0.01187    0.0066   0.08882   0.07322         0   0.00191    0.7181     0.241    0.2458    0.1091   0.06293  0.007411  0.005447  0.009535  0.009535  0.009535
   0.07001   0.01197  0.006427   0.08841   0.07283         0  0.001937    0.7298    0.2359    0.2461    0.1095   0.06288  0.007407  0.005466   0.00952   0.00952   0.00952
   0.06977   0.01171  0.006306   0.08779   0.07254         0  0.001912     0.731    0.2373    0.2478    0.1105   0.06282  0.007402  0.005453  0.009505  0.009505  0.009505
   0.06961   0.01168  0.006581   0.08787   0.07219         0  0.001909    0.7396    0.2351    0.2485    0.1108   0.06274  0.007397  0.005431   0.00949   0.00949   0.00949
   0.06994   0.01185  0.006894   0.08869   0.07236         0   0.00194    0.7414    0.2336     0.248    0.1113   0.06273  0.007391  0.005427  0.009475  0.009475  0.009475
    0.0692   0.01184  0.006586   0.08762   0.07143         0  0.001912    0.7427    0.2332    0.2483    0.1117   0.06269  0.007386   0.00541  0.009459  0.009459  0.009459
   0.06908   0.01178  0.006385   0.08724   0.07277         0  0.001927    0.7403    0.2346    0.2491     0.112   0.06264  0.007381  0.005367  0.009443  0.009443  0.009443
   0.06938   0.01175  0.006353   0.08748   0.07235         0   0.00189     0.747    0.2325    0.2515    0.1129   0.06253  0.007378  0.005291  0.009427  0.009427  0.009427
   0.06867   0.01186  0.006151   0.08668   0.07125         0  0.001986    0.7506    0.2322    0.2523    0.1134   0.06241  0.007375  0.005218  0.009411  0.009411  0.009411
   0.06882   0.01171  0.005897   0.08642   0.07216         0  0.001931    0.7108    0.2487     0.254    0.1147   0.06231   0.00737  0.005163  0.009394  0.009394  0.009394
   0.06839    0.0117   0.00609   0.08617   0.07162         0  0.001917     0.713    0.2491    0.2549    0.1153    0.0622  0.007366  0.005093  0.009377  0.009377  0.009377
   0.06822   0.01164  0.006071   0.08593   0.07164         0  0.001872    0.7113    0.2532    0.2555    0.1162   0.06209   0.00736  0.005035   0.00936   0.00936   0.00936
   0.06841   0.01175   0.00562   0.08578   0.07104         0  0.001926    0.7182    0.2523    0.2572    0.1169   0.06199  0.007354  0.004978  0.009343  0.009343  0.009343
   0.07005   0.01187  0.007121   0.08903   0.07138         0  0.001926    0.7162    0.2563    0.2586    0.1176   0.06185  0.007344  0.004871  0.009326  0.009326  0.009326
   0.06874   0.01178  0.005998   0.08652    0.0694         0  0.001862    0.7189    0.2566    0.2603    0.1186   0.06172  0.007335  0.004792  0.009308  0.009308  0.009308
   0.06873   0.01181  0.006206   0.08675   0.07167         0  0.001894     0.717    0.2589    0.2619    0.1198    0.0616  0.007325  0.004735  0.009291  0.009291  0.009291
   0.06826    0.0117  0.006035   0.08599   0.07095         0   0.00194    0.7264    0.2577     0.264    0.1208   0.06147  0.007314  0.004669  0.009273  0.009273  0.009273
   0.06788   0.01171  0.005681   0.08527   0.06995         0  0.001874    0.7276    0.2595     0.266     0.122   0.06133  0.007303  0.004601  0.009254  0.009254  0.009254
   0.06797   0.01174  0.005827   0.08554   0.06978         0  0.001905    0.7306    0.2587     0.267    0.1225   0.06121  0.007293  0.004563  0.009236  0.009236  0.009236
   0.06855   0.01162  0.006215   0.08639   0.06995         0  0.001926    0.7321    0.2601    0.2688    0.1235   0.06109  0.007285  0.004509  0.009218  0.009218  0.009218
   0.06765   0.01158   0.00563   0.08487   0.06894         0   0.00182    0.7331    0.2613    0.2697    0.1243   0.06097  0.007277   0.00446  0.009199  0.009199  0.009199
   0.06836   0.01172  0.006134   0.08621   0.06877         0  0.001883     0.735    0.2612    0.2711     0.125   0.06087   0.00727   0.00441   0.00918   0.00918   0.00918
   0.06847   0.01189  0.006059   0.08641   0.06939         0  0.001905    0.7399     0.261    0.2718    0.1252   0.06079  0.007258   0.00438  0.009161  0.009161  0.009161
   0.06786   0.01158  0.005576   0.08502    0.0729         0  0.001856    0.7418    0.2626    0.2744    0.1269   0.06065  0.007245   0.00433  0.009141  0.009141  0.009141
     0.068   0.01168   0.00603   0.08571   0.07227         0  0.001944    0.7458    0.2615    0.2761     0.127   0.06054  0.007234  0.004272  0.009122  0.009122  0.009122
   0.06811   0.01175  0.005981   0.08583   0.06976         0  0.001904    0.7518    0.2596    0.2776    0.1286   0.06042  0.007221  0.004235  0.009102  0.009102  0.009102
   0.06859   0.01187  0.006415   0.08688   0.06892         0  0.001857    0.7562    0.2592    0.2793    0.1298   0.06031  0.007209   0.00417  0.009082  0.009082  0.009082
   0.06798   0.01182  0.005856   0.08565   0.07016         0  0.001851    0.7552    0.2616    0.2809    0.1313   0.06016  0.007198  0.004075  0.009062  0.009062  0.009062
   0.06716   0.01173  0.005687   0.08457    0.0691         0  0.001864    0.7578    0.2614    0.2828    0.1324   0.06002   0.00719  0.003993  0.009042  0.009042  0.009042
   0.06779   0.01171  0.005768   0.08527   0.07026         0  0.001874    0.7522    0.2656    0.2849    0.1335    0.0599  0.007182  0.003957  0.009021  0.009021  0.009021
   0.06758   0.01176  0.005756   0.08509   0.06912         0  0.001833    0.7518    0.2679    0.2863    0.1344   0.05978   0.00717  0.003922     0.009     0.009     0.009
    0.0673   0.01161  0.005846   0.08476   0.06838         0  0.001847     0.739    0.2747    0.2876    0.1353   0.05966  0.007155  0.003869   0.00898   0.00898   0.00898
    0.0677   0.01171  0.005751   0.08516   0.06817         0  0.001851    0.7444    0.2745      0.29    0.1358   0.05955  0.007146  0.003845  0.008959  0.008959  0.008959
   0.06852   0.01153  0.006184   0.08624    0.0693         0  0.001952    0.7472    0.2739    0.2909    0.1367   0.05944  0.007137  0.003805  0.008937  0.008937  0.008937
   0.06855   0.01194  0.005968   0.08646   0.06873         0  0.001902    0.7589    0.2703    0.2922    0.1379   0.05935   0.00713  0.003752  0.008916  0.008916  0.008916
   0.06736   0.01163   0.00533   0.08432   0.06739         0  0.001851    0.7529    0.2742    0.2933    0.1392   0.05924  0.007123  0.003725  0.008894  0.008894  0.008894
   0.06774   0.01154  0.005629   0.08491   0.06784         0  0.001822    0.7363    0.2826    0.2949    0.1408   0.05912  0.007113  0.003703  0.008873  0.008873  0.008873
   0.06784    0.0117   0.00572   0.08527   0.06726         0  0.001824     0.739    0.2834    0.2959    0.1412   0.05905  0.007109  0.003705  0.008851  0.008851  0.008851
   0.06792    0.0117  0.005752   0.08537   0.06789         0  0.001807    0.7446    0.2815    0.2968    0.1423   0.05898  0.007107  0.003707  0.008828  0.008828  0.008828
   0.06817   0.01175  0.006283    0.0862   0.06726         0  0.001885    0.7583    0.2745    0.2973    0.1427   0.05895  0.007109  0.003716  0.008806  0.008806  0.008806
   0.06714   0.01162  0.005499   0.08426   0.06685         0  0.001866    0.7547    0.2772    0.2979     0.143   0.05889  0.007109  0.003705  0.008784  0.008784  0.008784
   0.06728    0.0116  0.005785   0.08466   0.06695         0  0.001869     0.731    0.2891    0.2978    0.1433   0.05886  0.007107  0.003643  0.008761  0.008761  0.008761
